0.000000000000000000e+00
1.273238516135551945e+00
3.212934818538609853e-17
-4.244100957755663206e-01
-1.892550646536441239e-17
2.546427659290350642e-01
-1.804525035069630018e-17
-1.818841632804773789e-01
4.841408630674617122e-18
1.414618030099706325e-01
-7.042048917344897632e-18
-1.157377347062783779e-01
-2.244653092403686120e-17
9.792813128324609484e-02
-9.682817261349234244e-18
-8.486720676307768496e-02
1.320384172002168306e-18
7.487895680083196670e-02
-6.161792802676785428e-18
-6.699306308817967737e-02
-4.841408630674617122e-18
6.060885238359212113e-02
-5.281536688008673224e-18
-5.533458126589880371e-02
3.521024458672448816e-18
5.090386420615240770e-02
4.401280573340561020e-19
-4.712924471864581716e-02
-6.161792802676785428e-18
4.387497844945947856e-02
0.000000000000000000e+00
-4.104035184361889965e-02
7.922305032013009836e-18
3.854906675147733164e-02
4.841408630674617122e-18
-3.634226459862107544e-02
-5.281536688008673224e-18
3.437381298715563166e-02
-2.200640286670280510e-18
-3.260704257352304430e-02
-6.161792802676785428e-18
3.101243900646394325e-02
-4.841408630674617122e-18
-2.956597897532583716e-02
-2.200640286670280510e-18
2.824790997880740132e-02
3.080896401338392714e-18
-2.704184164212702218e-02
-1.980576258003252459e-18
2.593405956874127172e-02
-6.601920860010841530e-18
-2.491300063874438836e-02
-1.760512229336224408e-18
2.396884710759344256e-02
-1.540448200669196357e-18
-2.309320926515868663e-02
1.760512229336224408e-18
2.227887490334175269e-02
5.061472659341645173e-18
-2.151960973948710554e-02
-6.601920860010841530e-19
2.080999710070634279e-02
4.181216544673532969e-18
-2.014530814458119490e-02
-3.961152516006504918e-18
1.952139603905237927e-02
-4.181216544673532969e-18
-1.893460909524491420e-02
-3.300960430005420765e-18
1.838171900753861332e-02
2.200640286670280510e-18
-1.785986122217072050e-02
4.401280573340561020e-19
1.736648510816475241e-02
2.200640286670280510e-18
-1.689931210100811126e-02
2.200640286670280510e-18
1.645630036929274231e-02
-5.281536688008673224e-18
-1.603561484855272820e-02
-6.601920860010841530e-19
1.563560171442376565e-02
-2.640768344004336612e-18
-1.525476654654385131e-02
2.200640286670280510e-19
1.489175557507809236e-02
2.200640286670280510e-19
-1.454533951406011827e-02
1.320384172002168306e-18
1.421439957436487246e-02
3.080896401338392714e-18
-1.389791532127199365e-02
-3.521024458672448816e-18
1.359495409865360549e-02
0.000000000000000000e+00
-1.330466178918269203e-02
-2.640768344004336612e-18
1.302625471749576172e-02
-1.320384172002168306e-18
-1.275901253489026763e-02
-1.980576258003252459e-18
1.250227194930758276e-02
-2.860832372671364663e-18
-1.225542118590840397e-02
-1.540448200669196357e-18
1.201789508060762540e-02
2.420704315337308561e-18
-1.178917072399154886e-02
2.200640286670280510e-19
1.156876358468226888e-02
4.401280573340561020e-19
-1.135622405191398683e-02
0.000000000000000000e+00
1.115113434514791550e-02
0.000000000000000000e+00
-1.095310574629887457e-02
6.601920860010841530e-19
1.076177611569204169e-02
4.401280573340561020e-19
-1.057680765864253344e-02
1.540448200669196357e-18
1.039788491342265829e-02
1.320384172002168306e-18
-1.022471293561597744e-02
3.080896401338392714e-18
1.005701565669712624e-02
1.320384172002168306e-18
-9.894534397763603273e-03
-1.980576258003252459e-18
9.737026521489663272e-03
4.401280573340561020e-19
-9.584264207581969300e-03
1.320384172002168306e-18
9.436033338713175483e-03
0.000000000000000000e+00
-9.292132485495709429e-03
-8.802561146681122040e-19
9.152371980337309018e-03
-4.401280573340561020e-19
-9.016573071288875793e-03
-1.540448200669196357e-18
8.884567147857834815e-03
2.200640286670280510e-18
-8.756195031850896524e-03
0.000000000000000000e+00
8.631306326821417199e-03
-1.760512229336224408e-18
-8.509758820730939019e-03
4.401280573340561020e-19
8.391417936587871468e-03
-2.200640286670280510e-19
-8.276156226896988835e-03
-2.200640286670280510e-19
8.163852907583375729e-03
8.802561146681122040e-19
-8.054393428200641580e-03
-4.401280573340561020e-19
7.947669074764289465e-03
3.521024458672448816e-18
-7.843576602811163506e-03
-4.401280573340561020e-19
7.742017897528288145e-03
2.640768344004336612e-18
-7.642899659210939181e-03
-1.100320143335140255e-18
7.546133111265445649e-03
6.601920860010841530e-19
-7.451633729541962473e-03
-4.401280573340561020e-19
7.359320990526327551e-03
-4.401280573340561020e-19
-7.269118137569331554e-03
8.802561146681122040e-19
7.180951962962826320e-03
-2.200640286670280510e-19
-7.094752605331197670e-03
4.401280573340561020e-19
7.010453360368536918e-03
-1.540448200669196357e-18
-6.927990504686064831e-03
0.000000000000000000e+00
6.847303130892104343e-03
-4.401280573340561020e-19
-6.768332993930410366e-03
-1.320384172002168306e-18
6.691024366970096081e-03
-8.802561146681122040e-19
-6.615323906915728490e-03
4.401280573340561020e-19
6.541180528128614363e-03
-3.521024458672448816e-18
-6.468545284374654057e-03
4.401280573340561020e-19
6.397371257835142780e-03
-1.320384172002168306e-18
-6.327613455232146411e-03
-1.320384172002168306e-18
6.259228709975514504e-03
1.320384172002168306e-18
-6.192175590536985914e-03
-4.401280573340561020e-19
6.126414313953909042e-03
0.000000000000000000e+00
-6.061906664790260753e-03
0.000000000000000000e+00
5.998615918512050817e-03
-2.200640286670280510e-19
-5.936506769602755036e-03
2.200640286670280510e-19
5.875545263540581965e-03
2.420704315337308561e-18
-5.815698732888982363e-03
6.601920860010841530e-19
5.756935736743126926e-03
1.760512229336224408e-18
-5.699226003827568415e-03
-8.802561146681122040e-19
5.642540378427647434e-03
-8.802561146681122040e-19
-5.586850769624059770e-03
2.200640286670280510e-19
5.532130102942751232e-03
-1.320384172002168306e-18
-5.478352274930771426e-03
-2.200640286670280510e-19
5.425492109856600020e-03
1.760512229336224408e-18
-5.373525318965171639e-03
0.000000000000000000e+00
5.322428461633472475e-03
6.601920860010841530e-19
-5.272178908757406759e-03
6.601920860010841530e-19
5.222754807817897235e-03
0.000000000000000000e+00
-5.174135049946649960e-03
4.401280573340561020e-19
5.126299238417364804e-03
-2.640768344004336612e-18
-5.079227658997355344e-03
0.000000000000000000e+00
5.032901251469695976e-03
-6.601920860010841530e-19
-4.987301582865724843e-03
-4.401280573340561020e-19
4.942410821732096809e-03
8.802561146681122040e-19
-4.898211713896712116e-03
2.200640286670280510e-19
4.854687559164054360e-03
-2.640768344004336612e-18
-4.811822189364437646e-03
-1.320384172002168306e-18
4.769599947211099721e-03
8.802561146681122040e-19
-4.728005666360985890e-03
8.802561146681122040e-19
4.687024652223975053e-03
8.802561146681122040e-19
-4.646642663845179655e-03
0.000000000000000000e+00
4.606845896404036973e-03
4.401280573340561020e-19
-4.567620964765971639e-03
-6.601920860010841530e-19
4.528954887494260340e-03
-6.601920860010841530e-18
-4.490835071903664759e-03
-1.320384172002168306e-18
4.453249299401794425e-03
2.200640286670280510e-19
-4.416185711911324585e-03
-2.200640286670280510e-19
4.379632798430283316e-03
6.601920860010841530e-19
-4.343579382640527960e-03
-4.401280573340561020e-19
4.308014610601290650e-03
-3.961152516006504918e-18
-4.272927939401104797e-03
0.000000000000000000e+00
4.238309125903993828e-03
1.320384172002168306e-18
-4.204148216311194217e-03
8.802561146681122040e-19
4.170435535872435949e-03
-4.181216544673532969e-18
-4.137161679306849797e-03
8.802561146681122040e-19
4.104317501298851943e-03
-1.760512229336224408e-18
-4.071894107766725612e-03
-4.401280573340561020e-19
4.039882847086682764e-03
2.640768344004336612e-18
-4.008275302056263194e-03
3.080896401338392714e-18
3.977063281837906611e-03
2.420704315337308561e-18
-3.946238814523809861e-03
-6.601920860010841530e-19
3.915794139749786615e-03
-4.401280573340561020e-19
-3.885721701809692792e-03
1.760512229336224408e-18
3.856014142852302960e-03
-6.601920860010841530e-19
-3.826664296525007260e-03
-4.401280573340561020e-19
3.797665181684175932e-03
-2.200640286670280510e-18
-3.769009996541207008e-03
-1.540448200669196357e-18
3.740692112812866142e-03
3.300960430005420765e-18
-3.712705070337820375e-03
2.200640286670280510e-19
3.685042571645681664e-03
-2.860832372671364663e-18
-3.657698476993940899e-03
4.401280573340561020e-19
3.630666799295992082e-03
-1.540448200669196357e-18
-3.603941699553775413e-03
0.000000000000000000e+00
3.577517482152149045e-03
4.401280573340561020e-18
-3.551388590617578223e-03
-3.300960430005420765e-18
3.525549603238426442e-03
1.320384172002168306e-18
-3.499995229138158637e-03
-2.200640286670280510e-18
3.474720304209158884e-03
2.860832372671364663e-18
-3.449719787463800293e-03
1.100320143335140255e-18
3.424988757234337638e-03
-6.601920860010841530e-19
-3.400522407795052941e-03
3.521024458672448816e-18
3.376316045845142652e-03
-3.741088487339476867e-18
-3.352365087308853235e-03
1.320384172002168306e-18
3.328665054109053792e-03
-7.262112946011925683e-18
-3.305211571183532936e-03
2.420704315337308561e-18
3.282000363422892236e-03
-2.640768344004336612e-18
-3.259027252970216233e-03
-1.760512229336224408e-18
3.236288156290150018e-03
-2.640768344004336612e-18
-3.213779081697914000e-03
-8.802561146681122040e-19
3.191496126593781728e-03
-1.980576258003252459e-18
-3.169435475178596518e-03
6.601920860010841530e-19
3.147593395839079142e-03
-1.320384172002168306e-18
-3.125966239038823011e-03
2.200640286670280510e-19
3.104550434863845212e-03
1.980576258003252459e-18
-3.083342491064007367e-03
6.601920860010841530e-19
3.062338990700647773e-03
1.320384172002168306e-18
-3.041536590407605684e-03
8.802561146681122040e-19
3.020932018094981287e-03
-1.760512229336224408e-18
-3.000522071369006016e-03
3.521024458672448816e-18
2.980303615385356507e-03
0.000000000000000000e+00
-2.960273581329052849e-03
-2.200640286670280510e-19
2.940428964451118066e-03
-3.741088487339476867e-18
-2.920766822597353936e-03
5.061472659341645173e-18
2.901284274396276168e-03
-5.721664745342729326e-18
-2.881978497845754522e-03
6.601920860010841530e-19
2.862846728664633026e-03
2.420704315337308561e-18
-2.843886258906108688e-03
-2.420704315337308561e-18
2.825094435446094763e-03
-7.262112946011925683e-18
-2.806468658673971165e-03
-1.980576258003252459e-18
2.788006381047499534e-03
-6.601920860010841530e-19
-2.769705105898561531e-03
-3.961152516006504918e-18
2.751562386041427923e-03
5.061472659341645173e-18
-2.733575822679774805e-03
1.100320143335140255e-18
2.715743064051598290e-03
-1.980576258003252459e-18
-2.698061804448172868e-03
1.540448200669196357e-18
2.680529782905008689e-03
3.300960430005420765e-18
-2.663144782301216963e-03
2.640768344004336612e-18
2.645904628097240589e-03
-2.860832372671364663e-18
-2.628807187505553984e-03
-1.760512229336224408e-18
2.611850368311265363e-03
-6.381856831343813479e-18
-2.595032118055795763e-03
-6.601920860010841530e-19
2.578350422936054320e-03
-4.181216544673532969e-18
-2.561803307059052747e-03
-1.320384172002168306e-18
2.545388831389405228e-03
-3.300960430005420765e-18
-2.529105093015239850e-03
-4.401280573340561020e-18
2.512950224195322369e-03
2.860832372671364663e-18
-2.496922391622885106e-03
0.000000000000000000e+00
2.481019795600728200e-03
1.100320143335140255e-18
-2.465240669240798682e-03
-1.540448200669196357e-18
2.449583277771547486e-03
-2.860832372671364663e-18
-2.434045917737987300e-03
-2.860832372671364663e-18
2.418626916348719236e-03
4.181216544673532969e-18
-2.403324630719480201e-03
6.821984888677869581e-18
2.388137447303109295e-03
5.061472659341645173e-18
-2.373063781078475244e-03
1.540448200669196357e-18
2.358102075076200406e-03
1.078313740468437450e-17
-2.343250799632704516e-03
1.100320143335140255e-18
2.328508451859672909e-03
1.540448200669196357e-18
-2.313873555004213739e-03
8.802561146681122040e-19
2.299344657926684094e-03
4.181216544673532969e-18
-2.284920334485787338e-03
-6.381856831343813479e-18
2.270599183043435325e-03
5.061472659341645173e-18
-2.256379825898805272e-03
6.821984888677869581e-18
2.242260908798527144e-03
3.741088487339476867e-18
-2.228241100417636174e-03
1.078313740468437450e-17
2.214319091860891906e-03
1.078313740468437450e-17
-2.200493596222489762e-03
4.621344602007589071e-18
2.186763348060111536e-03
6.601920860010841530e-19
-2.173127103016686719e-03
2.860832372671364663e-18
2.159583637300132881e-03
2.134621078070172249e-17
-2.146131747311192436e-03
-8.142369060680037887e-18
2.132770249182753836e-03
-9.902881290016262295e-18
-2.119497978412587628e-03
1.122326546201843060e-17
2.106313789388770345e-03
1.870544243669738588e-17
-2.093216555125891609e-03
2.750800358337850792e-17
2.080205166710425747e-03
-5.501600716675701275e-18
-2.067278533108993666e-03
-2.574749135404228351e-17
2.054435580664655536e-03
-2.354685106737200300e-17
-2.041675252834988796e-03
2.838825969804661704e-17
2.028996509785291162e-03
3.499018055805746165e-17
-2.016398328110595526e-03
1.430416186335682486e-17
2.003879700439401869e-03
-9.352721218348692630e-17
-1.991439635177120766e-03
-2.200640286670280510e-19
1.979077156143242526e-03
1.362196337448903651e-16
-1.966791302297889697e-03
7.724247406212685361e-17
1.954581127433976506e-03
-4.511312587674074891e-17
-1.942445699858124037e-03
-1.254364963402059891e-17
1.930384102169454153e-03
5.127491867941753434e-17
-1.918395430904217946e-03
3.300960430005420765e-18
1.906478796329131621e-03
5.941728774009757377e-18
-1.894633322124645702e-03
2.420704315337308561e-18
1.882858145170581993e-03
7.262112946011925683e-18
-1.871152415260199766e-03
-1.254364963402059891e-17
1.859515294851705504e-03
2.420704315337308561e-18
-1.847945958877850745e-03
1.056307337601734645e-17
1.836443594400844403e-03
2.420704315337308561e-18
-1.825007400536047923e-03
-6.381856831343813479e-18
1.813636588042185672e-03
-2.376691509603902951e-17
-1.802330379301983476e-03
-5.721664745342729326e-18
1.791088007884293620e-03
-1.584461006402601967e-17
-1.779908718574731152e-03
-1.100320143335140255e-18
1.768791766920370769e-03
-9.242689204015178142e-18
-1.757736419265863758e-03
-8.582497118014093989e-18
1.746741952331480824e-03
-1.408409783468979526e-17
-1.735807653240955487e-03
4.401280573340561020e-19
1.724932819094986483e-03
5.721664745342729326e-18
-1.714116757052129222e-03
-3.521024458672448816e-18
1.703358783866816811e-03
-2.200640286670280510e-18
-1.692658225979168851e-03
3.741088487339476867e-18
1.682014419091413171e-03
3.741088487339476867e-18
-1.671426708261012284e-03
-7.482176974678953734e-18
1.660894447449231962e-03
-4.841408630674617122e-18
-1.650416999634587815e-03
-6.381856831343813479e-18
1.639993736412288967e-03
-2.640768344004336612e-18
-1.629624038065230528e-03
-1.760512229336224408e-18
1.619307293158547519e-03
2.200640286670280510e-18
-1.609042898692851671e-03
3.521024458672448816e-18
1.598830259621630921e-03
4.401280573340561020e-19
-1.588668789026857200e-03
-1.760512229336224408e-18
1.578557907733136884e-03
2.860832372671364663e-18
-1.568497044321028261e-03
3.521024458672448816e-18
1.558485634920627437e-03
-4.401280573340561020e-19
-1.548523123102412162e-03
-4.401280573340561020e-19
1.538608959771331974e-03
-3.521024458672448816e-18
-1.528742602933274740e-03
-3.080896401338392714e-18
1.518923517798113779e-03
8.802561146681122040e-19
-1.509151176337659560e-03
1.760512229336224408e-18
1.499425057516079983e-03
-6.601920860010841530e-19
-1.489744646828834512e-03
3.080896401338392714e-18
1.480109436544725134e-03
-5.721664745342729326e-18
-1.470518925188976081e-03
-1.320384172002168306e-18
1.460972617909388638e-03
-1.320384172002168306e-18
-1.451470025852816042e-03
3.961152516006504918e-18
1.442010666526903412e-03
1.540448200669196357e-18
-1.432594063375632358e-03
1.760512229336224408e-18
1.423219745813379461e-03
5.281536688008673224e-18
-1.413887249123381385e-03
-2.200640286670280510e-18
1.404596114343961309e-03
-6.601920860010841530e-19
-1.395345888115240946e-03
-4.401280573340561020e-19
1.386136122725871401e-03
3.521024458672448816e-18
-1.376966375856011329e-03
-8.802561146681122040e-19
1.367836210614092668e-03
-1.100320143335140255e-17
-1.358745195376738404e-03
2.860832372671364663e-18
1.349692903759907615e-03
-3.741088487339476867e-18
-1.340678914429823841e-03
-3.961152516006504918e-18
1.331702811192845247e-03
-2.200640286670280510e-19
-1.322764182681584631e-03
-4.401280573340561020e-19
1.313862622552352177e-03
-3.521024458672448816e-18
-1.304997729092200040e-03
1.100320143335140255e-18
1.296169105491944834e-03
-5.941728774009757377e-18
-1.287376359356379738e-03
-8.802561146681122040e-19
1.278619103134928702e-03
-2.420704315337308561e-18
-1.269896953465002873e-03
-2.200640286670280510e-19
1.261209531722676204e-03
-3.961152516006504918e-18
-1.252556463304521856e-03
6.601920860010841530e-19
1.243937378243007742e-03
-4.401280573340561020e-19
-1.235351910409845586e-03
3.521024458672448816e-18
1.226799698222431900e-03
-1.540448200669196357e-18
-1.218280383763294334e-03
-4.401280573340561020e-19
1.209793613550645642e-03
-2.200640286670280510e-19
-1.201339037651769342e-03
-6.601920860010841530e-19
1.192916310406726826e-03
2.860832372671364663e-18
-1.184525089654039909e-03
-4.401280573340561020e-19
1.176165037273865701e-03
-8.802561146681122040e-19
-1.167835818626516715e-03
2.200640286670280510e-19
1.159537102963752305e-03
8.802561146681122040e-19
-1.151268562865760941e-03
3.741088487339476867e-18
1.143029874748874948e-03
3.300960430005420765e-18
-1.134820718224170601e-03
-2.200640286670280510e-19
1.126640776610980535e-03
-1.320384172002168306e-18
-1.118489736344022503e-03
-8.802561146681122040e-19
1.110367287445504589e-03
6.161792802676785428e-18
-1.102273122948130594e-03
2.640768344004336612e-18
1.094206939405066885e-03
8.802561146681122040e-19
-1.086168436213230237e-03
-1.980576258003252459e-18
1.078157316253047565e-03
-2.090608272336766485e-18
-1.070173285135765043e-03
1.650480215002710383e-18
1.062216051830884795e-03
2.970864387004878689e-18
-1.054285328003708687e-03
-2.970864387004878689e-18
1.046380828516523800e-03
-2.090608272336766485e-18
-1.038502270893997730e-03
-1.540448200669196357e-18
1.030649375749233612e-03
1.760512229336224408e-18
-1.022821866276153605e-03
-1.210352157668654281e-18
1.015019468621958980e-03
8.802561146681122040e-19
-1.007241911545023140e-03
-1.430416186335682332e-18
9.994889265322868567e-04
-1.760512229336224408e-18
-9.917602477132975245e-04
2.200640286670280510e-19
9.840556118123672171e-04
2.200640286670280510e-19
-9.763747581263701805e-04
2.090608272336766485e-18
9.687174284688163236e-04
2.200640286670280510e-19
-9.610833671486615709e-04
1.320384172002168306e-18
9.534723209325119244e-04
2.640768344004336612e-18
-9.458840389754195974e-04
-4.401280573340561020e-19
9.383182728655094272e-04
-1.540448200669196357e-18
-9.307747764431592141e-04
4.401280573340561020e-19
9.232533059739829852e-04
-4.401280573340561020e-19
-9.157536198680004064e-04
1.320384172002168306e-18
9.082754789064498161e-04
-8.802561146681122040e-19
-9.008186459406389290e-04
1.760512229336224408e-18
8.933828861411332017e-04
1.760512229336224408e-18
-8.859679666606693534e-04
-5.501600716675701275e-19
8.785736569200297726e-04
1.320384172002168306e-18
-8.711997282737800590e-04
-7.702241003345981785e-19
8.638459542538371025e-04
6.601920860010841530e-19
-8.565121102694235036e-04
4.401280573340561020e-19
8.491979738757944552e-04
6.601920860010841530e-19
-8.419033244033039898e-04
1.320384172002168306e-18
8.346279433165722109e-04
-1.100320143335140255e-18
-8.273716137366520255e-04
-2.860832372671364663e-18
8.201341209282923686e-04
3.300960430005420765e-19
-8.129152517150173111e-04
7.702241003345981785e-19
8.057147950252943136e-04
0.000000000000000000e+00
-7.985325412771975603e-04
8.802561146681122040e-19
7.913682829402439098e-04
2.310672301003794536e-18
-7.842218139578917410e-04
1.760512229336224408e-18
7.770929302320291618e-04
-2.860832372671364663e-18
-7.699814290740114413e-04
-4.401280573340561020e-19
7.628871097738902434e-04
-8.802561146681122040e-19
-7.558097728974873036e-04
-8.802561146681122040e-19
7.487492210162023524e-04
2.200640286670280510e-19
-7.417052578418105663e-04
0.000000000000000000e+00
7.346776891467691507e-04
6.601920860010841530e-19
-7.276663217054608499e-04
-6.601920860010841530e-19
7.206709643485557319e-04
-3.300960430005420765e-19
-7.136914268809779619e-04
5.501600716675701275e-19
7.067275210913884480e-04
-7.702241003345981785e-19
-6.997790596689779661e-04
1.980576258003252459e-18
6.928458573264976474e-04
2.860832372671364663e-18
-6.859277295262521459e-04
-1.100320143335140255e-18
6.790244938368390120e-04
-4.401280573340561020e-19
-6.721359684169758708e-04
1.760512229336224408e-18
6.652619735533661779e-04
-1.100320143335140255e-18
-6.584023300588059046e-04
-4.401280573340561020e-19
6.515568608882356654e-04
8.802561146681122040e-19
-6.447253893693718867e-04
-2.200640286670280510e-19
6.379077410076722720e-04
2.200640286670280510e-19
-6.311037417053343493e-04
-1.320384172002168306e-18
6.243132193829370935e-04
-2.860832372671364663e-18
-6.175360023608283478e-04
1.320384172002168306e-18
6.107719209372864701e-04
-8.802561146681122040e-19
-6.040208058145002303e-04
-2.090608272336766485e-18
5.972824896603172624e-04
-3.080896401338392714e-18
-5.905568053396489199e-04
5.501600716675701275e-19
5.838435878335566931e-04
-8.802561146681122040e-19
-5.771426722064099991e-04
-7.702241003345981785e-19
5.704538956189862632e-04
-1.320384172002168306e-18
-5.637770952516247365e-04
1.980576258003252459e-18
5.571121104062352761e-04
-4.401280573340561020e-19
-5.504587803128579288e-04
-1.980576258003252459e-18
5.438169462975927203e-04
-8.802561146681122040e-19
-5.371864496152158703e-04
-1.540448200669196357e-18
5.305671335787068158e-04
-2.200640286670280510e-18
-5.239588413685430197e-04
1.760512229336224408e-18
5.173614181690832725e-04
-2.640768344004336612e-18
-5.107747091225389811e-04
2.200640286670280510e-18
5.041985611900982704e-04
-2.090608272336766485e-18
-4.976328213730767808e-04
-6.051760788343271403e-18
4.910773383788564301e-04
1.870544243669738434e-18
-4.845319609939746771e-04
-6.601920860010841530e-19
4.779965396544374654e-04
-2.530736329670822587e-18
-4.714709248250817343e-04
-1.100320143335140255e-19
4.649549686214312803e-04
0.000000000000000000e+00
-4.584485231545490044e-04
3.080896401338392714e-18
4.519514421359547706e-04
-1.100320143335140255e-18
-4.454635792649639585e-04
2.200640286670280510e-19
4.389847898116299536e-04
-2.640768344004336612e-18
-4.325149290086779822e-04
-4.071184530340018944e-18
4.260538536093910387e-04
-1.870544243669738434e-18
-4.196014203369297828e-04
-6.601920860010841530e-19
4.131574873780411252e-04
-4.621344602007589071e-18
-4.067219128946565946e-04
-6.601920860010841530e-19
4.002945564372943936e-04
4.291248559007046995e-18
-3.938752775699152597e-04
1.870544243669738434e-18
3.874639371623852927e-04
3.961152516006504918e-18
-3.810603961053005378e-04
-5.061472659341645173e-18
3.746645165520225400e-04
-3.410992444338934791e-18
-3.682761606778681552e-04
-2.200640286670280510e-19
3.618951918517101813e-04
-4.621344602007589071e-18
-3.555214734879278207e-04
1.760512229336224408e-18
3.491548701532005907e-04
-2.750800358337850638e-18
-3.427952463849120524e-04
1.540448200669196357e-18
3.364424679560240302e-04
-7.702241003345981785e-19
-3.300964004941802374e-04
-2.200640286670280510e-18
3.237569108618681578e-04
1.430416186335682332e-18
-3.174238657851307624e-04
0.000000000000000000e+00
3.110971331676544546e-04
-1.210352157668654281e-18
-3.047765807340401044e-04
-2.200640286670280510e-19
2.984620774498642198e-04
-1.760512229336224408e-18
-2.921534919838128671e-04
4.951440645008131148e-18
2.858506942610820369e-04
-2.310672301003794536e-18
-2.795535539040154669e-04
-7.482176974678953734e-18
2.732619417620435237e-04
-4.401280573340561020e-19
-2.669757283248906025e-04
1.870544243669738434e-18
2.606947853178437488e-04
2.200640286670280510e-18
-2.544189841047090890e-04
-1.540448200669196357e-18
2.481481972218580498e-04
-6.601920860010841530e-19
-2.418822968526428488e-04
-1.100320143335140255e-19
2.356211562908995874e-04
6.161792802676785428e-18
-2.293646485219484317e-04
-2.750800358337850638e-19
2.231126475503089211e-04
3.080896401338392714e-18
-2.168650271209344635e-04
-2.420704315337308561e-18
2.106216619183877241e-04
-1.540448200669196357e-18
-2.043824263748393480e-04
-5.501600716675701275e-19
1.981471958192134093e-04
3.851120501672990893e-18
-1.919158453527152592e-04
3.300960430005420765e-18
1.856882509256467583e-04
-2.200640286670280510e-18
-1.794642882098821768e-04
1.100320143335140255e-19
1.732438337586082505e-04
8.087353053513281260e-18
-1.670267638070161668e-04
2.750800358337850638e-18
1.608129554271393999e-04
3.851120501672990893e-18
-1.546022854148703892e-04
-5.391568702342187250e-18
1.483946313018614973e-04
-7.372144960345440479e-18
-1.421898703864504711e-04
6.711952874344355556e-18
1.359878806657134609e-04
5.061472659341645173e-18
-1.297885398662412143e-04
9.847865282849505668e-18
1.235917264164273794e-04
-5.006456652174888546e-18
-1.173973184671650208e-04
-8.720037135930986328e-18
1.112051947997533307e-04
1.020546932943342606e-17
-1.050152339310767225e-04
-1.127828146918518723e-17
9.882731501414624569e-05
7.922305032013009836e-18
-9.264131689740454036e-05
-1.402908182752303825e-18
8.645711898349525942e-05
-1.210352157668654281e-17
-8.027460049860846397e-05
-4.621344602007589071e-18
7.409364103830841050e-05
4.978948648591509461e-18
-6.791412012093606641e-05
-1.141582148710208111e-17
6.173591757630313766e-05
1.019171532764173652e-17
-5.555891312477642669e-05
1.429040786156513377e-17
4.938298677402548994e-05
2.929602381629810833e-18
-4.320801846952145497e-05
1.085190741364282067e-17
3.703388833400666515e-05
-8.692529132347608785e-18
-3.086047646494870543e-05
7.248358944220236141e-18
2.468766312027157657e-05
-1.017796132585004697e-17
-1.851532848162257670e-05
-8.176754065159260972e-18
1.234335288587278056e-05
-7.286182449147382767e-18
-6.171616610869909006e-06
4.672922108726423698e-18
