5.000000000000000000e-01
2.355714139240207838e-01
-8.821246232659471142e-17
-4.620091735270411178e-03
-7.524004139621314600e-17
1.098398388220703058e-04
-1.072386796911543580e-16
-2.645706128668114312e-06
-1.167517883734341874e-16
6.381159794875175399e-08
-1.279945531797648725e-16
-1.539294816029358454e-09
-1.487504266683754117e-16
3.713217810694251954e-11
-1.409669741101464626e-16
-8.957923659581971913e-13
-1.098331638772306784e-16
2.156102841435620461e-14
-9.859039907089998102e-17
-5.802996296190691764e-16
-1.409669741101464626e-16
-4.670071534937367619e-17
-1.383724899240701544e-16
-5.275451178355174499e-17
-1.063738516291289178e-16
-3.718760666709385292e-17
-4.670071534937367619e-17
-1.470207705443245190e-17
-1.210759286835613759e-17
0.000000000000000000e+00
-1.037793674430526035e-17
1.037793674430526035e-17
6.745658883798419689e-17
6.486210465190787641e-17
1.842083772114183720e-16
8.734763426456928359e-17
1.824787210873674916e-16
6.399727658988243625e-17
7.524004139621314600e-17
4.237657503924648156e-17
1.176166164354596152e-16
7.351038527216226568e-17
2.023697665139525783e-16
8.129383783039121480e-17
1.444262863582482232e-16
7.351038527216226568e-17
1.573987072886297886e-16
7.696969752026401400e-17
1.772897527152148753e-16
7.696969752026401400e-17
1.573987072886297886e-16
8.734763426456928359e-17
2.335035767468683748e-16
1.193462725595104956e-16
2.655022150418095991e-16
1.366428338000192741e-16
3.286346635696665705e-16
1.444262863582482232e-16
2.923118849645981578e-16
1.297242093038157528e-16
2.551242782975043172e-16
1.349131776759683938e-16
3.113381023291578166e-16
1.513449108544517198e-16
3.476608809342262294e-16
1.712359562810368065e-16
3.684167544228367439e-16
1.556690511645789083e-16
2.914470569025727299e-16
1.020497113190017293e-16
1.573987072886297886e-16
5.275451178355174499e-17
8.388832201646752295e-17
3.805243472911928692e-17
6.918624496203507721e-17
2.162070155063596086e-17
2.162070155063596086e-17
2.508001379873771225e-17
9.340143069874735238e-17
5.967313627975524778e-17
1.781545807772403032e-16
8.734763426456928359e-17
2.032345945759780308e-16
1.271297251177394447e-16
3.437691546551117548e-16
1.474531845753372453e-16
3.031222357399161536e-16
1.141573041873578792e-16
1.893973455835710129e-16
6.529451868292060265e-17
1.016172972879890154e-16
-2.118828751962324078e-17
-1.859380333354692523e-16
-1.323186934898920856e-16
-3.762002069810656930e-16
-1.344807636449556799e-16
-2.058290787620543390e-16
-6.745658883798419689e-17
-9.859039907089998102e-17
-4.194416100823376148e-17
-8.042900976836577464e-17
-4.194416100823376148e-17
-9.513108682279822038e-17
-4.324140310127192172e-17
-8.778004829558199751e-17
4.756554341139910865e-18
1.193462725595104956e-16
6.659176077595875673e-17
1.582635353506552165e-16
5.664623806266621338e-17
8.907729038862015158e-17
-1.210759286835613759e-17
-1.457235284512863650e-16
-1.301566233348284667e-16
-4.021450488418288732e-16
-1.937214858936982014e-16
-4.311167889196810507e-16
-1.016172972879890154e-16
-3.459312248101753706e-18
9.340143069874735238e-17
3.865781437253709750e-16
1.176166164354596152e-16
1.241028269006503979e-16
7.351038527216226568e-17
1.967483841107872235e-16
1.055090235671034900e-16
2.698263553519367876e-16
1.193462725595104956e-16
2.421518573671227517e-16
9.383384472976006630e-17
1.543718090715407419e-16
2.162070155063596086e-17
-6.097037837279340185e-17
2.594484186076315087e-18
7.653728348925130008e-17
8.864487635760743767e-17
2.966360252747253462e-16
1.703711282190113541e-16
4.302519608576556229e-16
2.304766785297793281e-16
5.647327245026112781e-16
3.083112041120687699e-16
7.874259504741617064e-16
5.872182541152726976e-16
1.753438895756576331e-15
9.011508406305068471e-16
2.134828071109794739e-15
9.897957169881142847e-16
2.143476351730049018e-15
1.033469534120398883e-15
2.322495760569314749e-15
1.017470214972928370e-15
2.078181833047128526e-15
1.005362622104572183e-15
2.273200561033864770e-15
1.067197828539390963e-15
2.338495079716785262e-15
1.075413695128632626e-15
2.299145402894628000e-15
1.052063337453945878e-15
2.246390891111076310e-15
9.664453593134273388e-16
1.907378290797104261e-15
7.355362667526353461e-16
1.270000009084356256e-15
4.894926831063981691e-16
8.630984059013875293e-16
4.099285014000578223e-16
9.175825738089901731e-16
4.492781782222152818e-16
1.012713660631788418e-15
4.254954065165156712e-16
8.384508061336625402e-16
3.831188314772692143e-16
8.211542448931537863e-16
3.969560804696762076e-16
9.050425669096213709e-16
4.527374904703169931e-16
1.057252305826098445e-15
4.440892098500626162e-16
8.501259849710059146e-16
2.525297941114280337e-16
2.417194433361100378e-16
-3.589036457405569268e-17
-4.151174697722104386e-16
-3.809567613222055954e-16
-1.210326872804600946e-15
-4.925195813234871665e-16
-9.050425669096213709e-16
-4.017126348108161593e-16
-8.618011638083493876e-16
-5.353285703937463373e-16
-1.448154589861596559e-15
-6.728362322557910393e-16
-1.446424933737545703e-15
-7.234286738842792578e-16
-1.687279549011630214e-15
-8.955294582273414675e-16
-2.183690856614231905e-15
-9.967143414843177074e-16
-2.112342541497133221e-15
-9.305549947393717878e-16
-1.914296915293308078e-15
-8.734763426456927619e-16
-1.852461708858488903e-15
-7.761831856678309473e-16
-1.515178764668568103e-15
-6.434320781469261971e-16
-1.281675187921699630e-15
-6.490534605500914780e-16
-1.524259459319835194e-15
-6.053796434178068794e-16
-1.081467491562810621e-15
-4.843037147342455035e-16
-1.040388158616602306e-15
-6.131630959760358285e-16
-1.624147100483773391e-15
-8.358563219475862567e-16
-1.992131440875597372e-15
-9.128260194678502214e-16
-1.959916595565149741e-15
-9.506622471814632315e-16
-2.143692558745555227e-15
-1.020280906174510862e-15
-2.252012273514241690e-15
-8.929349740412651840e-16
-1.638849177538205664e-15
-8.743411707077181898e-16
-2.164232225218659680e-15
-1.070873347802999081e-15
-2.466705839912056763e-15
-1.210759286835613759e-15
-2.780206012396278001e-15
-1.386535590442284185e-15
-3.184729338408676751e-15
-1.364482474860635479e-15
-2.720316669101016285e-15
-1.294431401836574838e-15
-2.891985039413066176e-15
-1.370536271294813474e-15
-3.026898217089034495e-15
-1.280377945828661587e-15
-2.490704818633262533e-15
-1.042334021756159568e-15
-2.021319387968955709e-15
-9.296901666773463600e-16
-2.014400763472752286e-15
-9.817960574143790280e-16
-2.231256400025631027e-15
-1.013794695709320252e-15
-2.158827049831000510e-15
-9.990926186548877819e-16
-2.175042575993977627e-15
-1.051198509391920450e-15
-2.364872335608561304e-15
-1.080386456485278984e-15
-2.298712988863615187e-15
-9.830932995074170711e-16
-1.950403486882869838e-15
-8.233163150482173559e-16
-1.619390546142633439e-15
-7.969390591564415112e-16
-1.844678256300260250e-15
-9.262308544292444515e-16
-2.148016699055682563e-15
-8.332618377615098746e-16
-1.427398716372986094e-15
-4.371705853538590949e-16
-4.741419850054465785e-16
-1.517773248854644338e-16
-2.015049384519271505e-16
-1.199948936060295664e-16
-3.550119194614424646e-16
-5.645165174871048719e-16
-2.115369439714222120e-15
-1.343510394356518608e-15
-3.623413372871080197e-15
-1.210326872804600946e-15
-1.557879650231074170e-15
-3.075544795577965452e-16
1.477774950985967807e-16
-2.687453202744050028e-16
-1.346753499589113913e-15
-6.137036135148017455e-16
-1.234217748018053809e-15
-6.561882920618013809e-17
9.549863874915903707e-16
5.490577158784001768e-16
1.350320915344968926e-15
2.870148130846923876e-16
-1.156707532959023780e-16
-5.707865209367893962e-17
-8.842866934210108071e-17
9.869850257865315950e-17
5.064649338236473136e-16
2.154502909520873469e-16
4.058205681054369908e-16
1.131843726175792483e-16
7.253745370238364704e-17
-1.162112708346682950e-16
-5.725161770608402272e-16
-3.466879493644475984e-16
-9.203932650105728629e-16
-4.875468199668409072e-16
-1.186003583560135665e-15
-6.436482851624325047e-16
-1.593445704281870210e-15
-7.220233282834879129e-16
-1.509989796296415536e-15
-5.066270890852771676e-16
-6.917543461125975443e-16
-4.354409292298082392e-16
-1.243298442669320900e-15
-8.423425324127769655e-16
-2.397519594950021747e-15
-1.193408673841228453e-15
-2.762909451155769444e-15
-1.483612540404639494e-15
-3.636385793801462206e-15
-1.813490394313467901e-15
-4.191389202606287372e-15
-1.808031167171932178e-15
-3.615305609789591836e-15
-1.572527675531629891e-15
-3.186134684009468294e-15
-1.339591642200465808e-15
-2.621239804245227359e-15
-1.058144159765062149e-15
-1.950295383375116733e-15
-8.227757975094514389e-16
-1.633011588119534076e-15
-7.946418596166863637e-16
-1.832921999832101850e-15
-1.109169015424562982e-15
-2.997331907718539898e-15
-1.640984221816331056e-15
-4.083245156037700295e-15
-1.819854988332436071e-15
-3.760042693732630826e-15
-1.609836898644946122e-15
-3.226714038232318106e-15
-1.598918444361874873e-15
-3.723272299040771796e-15
-1.921272969778005091e-15
-4.584615712058478811e-15
-2.075898146445842418e-15
-4.368435722429057762e-15
-1.988091072273322132e-15
-4.251156929455326253e-15
-1.996442068247255373e-15
-4.389353751179297687e-15
-1.976659126328423440e-15
-4.161444530958656120e-15
-1.961132760027372956e-15
-4.360354985224507283e-15
-2.304766785297793379e-15
-5.603139936232000147e-15
-2.639130934778378385e-15
-5.774862358297926590e-15
-2.535108334442881376e-15
-5.211102565365093647e-15
-2.436193624848721712e-15
-5.343664491747430760e-15
-2.454814454059206982e-15
-5.284315665990934567e-15
-2.616969715688976575e-15
-6.069201184032896641e-15
-3.093706184880499634e-15
-7.297094876847390285e-15
-3.343479339544221579e-15
-7.157262989568650976e-15
-3.385207293536948719e-15
-7.501248351239269384e-15
-3.573956018074000957e-15
-7.959174810081738846e-15
-3.572604724227086361e-15
-7.489086706617036448e-15
-3.598927928364985456e-15
-8.075277977408655145e-15
-3.605576294091806118e-15
-7.537138715813325329e-15
-3.651250026117524333e-15
-8.282188091248240776e-15
-3.912319997341453196e-15
-8.607093183800422825e-15
-3.710112386089130767e-15
-7.478924976888238312e-15
-3.835728662098325787e-15
-9.153340208477240213e-15
-4.335815488964535201e-15
-9.559809397629195634e-15
-4.200037483226541256e-15
-8.580283513877633970e-15
-3.706436866825522847e-15
-7.486600325938713466e-15
-3.333155454553792603e-15
-6.995810400739277352e-15
-3.453150348159822243e-15
-7.970579730149700050e-15
-3.895293694870327400e-15
-8.865244360315016287e-15
-4.018856004232211857e-15
-8.498124847985217734e-15
-3.692707721340869106e-15
-7.455250308690291066e-15
-3.096192565558822616e-15
-5.933693437064286246e-15
-2.384439070511887028e-15
-4.406407079527362153e-15
-1.974186258588569399e-15
-4.170417122102170106e-15
-1.947809002696793751e-15
-4.267277865049019601e-15
-1.970835049848220792e-15
-4.258845791444271137e-15
-1.989645060197274390e-15
-4.345328597646815499e-15
-2.017535765197594684e-15
-4.374300337724667232e-15
-1.964348839383030182e-15
-4.148039695997261692e-15
-2.116774785315013662e-15
-5.036110012189633820e-15
-2.490596715125509428e-15
-5.704189690104285204e-15
-2.401627528244642480e-15
-4.657747735053504508e-15
-1.893000524265931498e-15
-3.575523518936421761e-15
-1.859272229846939221e-15
-4.504565064567248902e-15
-2.283578497778169904e-15
-5.358474672309616335e-15
-2.420113228070435975e-15
-5.136646274400091236e-15
-2.628536791018566647e-15
-6.275624832087594090e-15
-3.175648643757409661e-15
-7.439359093050573657e-15
-3.430448611531654516e-15
-7.376226644522718017e-15
-3.271104041103467614e-15
-6.798953913120736753e-15
-3.422340848450166155e-15
-8.045387357514900445e-15
-3.998100130743601589e-15
-9.220904900822977872e-15
-4.267818382587785124e-15
-9.236796116462695281e-15
-4.121121922566720522e-15
-8.586877827850578079e-15
-3.863078849559880164e-15
-8.143221032031527881e-15
-3.550767815660943865e-15
-7.204774481226174336e-15
-3.027654941643306622e-15
-5.964827247297201648e-15
-3.078247383271794643e-15
-7.405630798631581380e-15
-3.761677759287397124e-15
-8.853569181477673110e-15
-4.173227813303753190e-15
-9.179068843322496445e-15
-4.156796080125269470e-15
-8.798544496031303465e-15
-4.112906055977478268e-15
-8.990536325800951205e-15
-3.945561825975556503e-15
-8.033604075169804164e-15
-3.228619362556467954e-15
-5.982231912045464098e-15
-2.795124296466217075e-15
-6.161467527900236038e-15
-2.805502233210522209e-15
-5.962124659603372457e-15
-2.499569306269023415e-15
-4.841739905249416992e-15
-2.151908425334797087e-15
-4.502943511950951546e-15
-1.958186939441098885e-15
-3.971506667836319732e-15
-1.811814789943293598e-15
-3.913346980665108478e-15
-1.836029975680005577e-15
-4.009775309580944766e-15
-1.702414040097075497e-15
-3.379315652364400578e-15
-1.783707877927466700e-15
-4.343815148538270458e-15
-2.125747376458527648e-15
-4.874170957575370437e-15
-2.448544450609522581e-15
-5.753268682624228578e-15
-2.974359912320989015e-15
-7.118832192562396286e-15
-3.258023516665332894e-15
-6.884463787753502385e-15
-3.013493382127640068e-15
-6.131414752744851681e-15
-2.641617315456701761e-15
-5.308314644712141126e-15
-2.391033384484830743e-15
-5.125619716609266686e-15
-2.519460351695608452e-15
-5.807320436500818705e-15
-2.719668048054497264e-15
-5.960611210494827416e-15
-2.793178433326659616e-15
-6.184601678559416183e-15
-2.585187284409541756e-15
-5.032434492926025900e-15
-2.028021805449652923e-15
-3.617575783452408609e-15
-1.707603008469228064e-15
-3.971722874851825941e-15
-1.665442640445487915e-15
-3.384937034767565957e-15
-1.616363647925544343e-15
-3.263428692052991670e-15
-1.389994902690385896e-15
-2.906687116467498252e-15
-1.640795040677762926e-15
-4.199172655164516420e-15
-1.836246182695512180e-15
-3.552281264769488117e-15
-1.103304400128953118e-15
-1.225893777921058844e-15
-8.016956134975813643e-16
-2.371142339058245705e-15
-1.531178083816038617e-15
-4.221117667238411626e-15
-1.908783636397895803e-15
-4.011613069212749120e-15
-1.845326877346779271e-15
-3.984479088766700952e-15
-2.038832156224970869e-15
-4.823578515946882810e-15
-2.236661575413290198e-15
-4.885738032904961298e-15
-2.397843905473281061e-15
-5.488739399152198005e-15
-2.804421198132990375e-15
-6.649879175929102274e-15
-3.255320928971503309e-15
-7.453196342042980502e-15
-3.558875578742431832e-15
-7.908095902668361460e-15
-3.325804416026576368e-15
-6.476589253000755027e-15
-2.974684222844248723e-15
-6.469778732012304709e-15
-3.502877961726285034e-15
-8.643740272928750502e-15
-3.503418479265050951e-15
-6.453671309357081091e-15
-2.713398044604812863e-15
-5.287774978239037067e-15
-2.012238693317688618e-15
-3.359748917461074854e-15
-5.039785531453242332e-16
1.181463236234502120e-15
9.790934697205494427e-16
2.992845612146782905e-15
1.614850198816999894e-15
3.922968192855141880e-15
1.417453193659693575e-15
2.193636379327524621e-15
1.077791972299202504e-15
2.498055857160478768e-15
1.311403652553824082e-15
3.129056031915789268e-15
7.699131822181465462e-16
1.945863139557236292e-16
1.686414720949604984e-16
6.191087889024607188e-16
5.182482161687439897e-16
1.606093814688992314e-15
5.622463438242880991e-16
8.184516571993242997e-16
5.680839332429598849e-16
1.691927999845017062e-15
1.258757244278025497e-15
3.766001899597524460e-15
2.139584625450934494e-15
5.452957138085895164e-15
2.446598587469965122e-15
5.061298129496125318e-15
1.862082921048521911e-15
2.979981294724154394e-15
9.336899964642139884e-16
1.121141478908227789e-15
8.424506359205301686e-16
2.605186433343879898e-15
1.625768653100070945e-15
4.363814297472608994e-15
1.659172636995803514e-15
2.776206182609410373e-15
1.110979749179428864e-15
2.062614927930670430e-15
1.066549207492871942e-15
2.575457968711755644e-15
1.279296910751129753e-15
2.971224910596146617e-15
1.503071171800211916e-15
3.535957635098757895e-15
1.787599604206581224e-15
4.215820595358505560e-15
2.208554663397463300e-15
5.327016551553440830e-15
2.313955583456813575e-15
4.634505480886571259e-15
1.842408082637443477e-15
3.339209250987970795e-15
1.351401950422500760e-15
2.534270532257794027e-15
1.197570658889725738e-15
2.660643532821261173e-15
1.230974642785458307e-15
2.644211799642777847e-15
8.596390936532857194e-16
1.069468002202207736e-15
3.909563357893747650e-16
6.313244852785700102e-16
1.649659528313523808e-16
9.226634386733895370e-17
1.972348498956765389e-16
7.846693110264555689e-16
5.202481310621778039e-16
1.459721665191186829e-15
7.184559125276328999e-16
1.652686426530612707e-15
9.761206232573370962e-16
2.539891914660959407e-15
8.636929751940299986e-16
1.136924591040191896e-15
-1.019416078112485509e-16
-1.541556020560343948e-15
-7.476438596209915330e-16
-1.625552446084564736e-15
-6.076498170806236521e-16
-1.010551590476724750e-15
-4.526293869625637900e-16
-9.560133708152456525e-16
-3.542011431532935890e-16
-6.062985232337088595e-16
-5.927855847645614263e-16
-1.986185747949172284e-15
-1.097628965971911186e-15
-2.686588374682024403e-15
-7.224016905606239760e-16
-4.130094513710234213e-16
-2.729613570767789881e-17
2.192879654773252199e-16
-3.128515514377023153e-16
-1.596256395483452900e-15
-8.741519895691501583e-16
-2.138827900896662368e-15
-8.553419792200968563e-16
-1.550744818719364144e-15
-6.286759493386170758e-16
-1.188057550207446032e-15
-6.522965657826868817e-16
-1.670253246540504419e-15
-1.004984259827435923e-15
-2.674183497167346981e-15
-1.298944723285270108e-15
-2.903471037111841420e-15
-1.021875432913870337e-15
-1.533367179848040561e-15
-8.404101822116889402e-16
-2.199514507561603821e-15
-1.628038826762887718e-15
-4.837267122616128939e-15
-2.326103715140577176e-15
-5.158064281873689861e-15
-2.324022722616328336e-15
-4.915115161136887569e-15
-2.466759891665933315e-15
-5.760815658759247611e-15
-2.628813806257184273e-15
-5.579296356303189958e-15
-2.309739546654439737e-15
-4.431848564430148855e-15
-2.192923571823277144e-15
-5.152116899829956649e-15
-3.218479591352681353e-15
-8.797765812952019408e-15
-4.572707435032542657e-15
-1.091064380463599220e-14
-4.842422308642109154e-15
-9.998675856760932542e-15
-4.446635097350013587e-15
-9.275368799322876611e-15
-4.353625541866871398e-15
-9.562322804184458075e-15
-4.218023204328976840e-15
-8.676252402885519170e-15
-3.891577636791311869e-15
-8.246743653643666979e-15
-4.438067894360574137e-15
-1.098087054586015144e-14
-5.171712349727529168e-15
-1.132881519850223026e-14
-4.973464029446666362e-15
-1.021807868221524608e-14
-5.019867460149719216e-15
-1.151961788968659227e-14
-5.243155255413912015e-15
-1.115941700185299714e-14
-5.317557494625037874e-15
-1.190506094658055545e-14
-6.074579333543617929e-15
-1.438076640351306448e-14
-6.681148115546709452e-15
-1.449830194231770902e-14
-6.716281755566492876e-15
-1.458192000556479295e-14
-6.825736557166587726e-15
-1.494331003198367223e-14
-6.709282053439474231e-15
-1.404015927645973335e-14
-6.141738637735280263e-15
-1.257449191834212143e-14
-6.039959185185662145e-15
-1.359536739380927476e-14
-6.268922414606896876e-15
-1.348515586765490818e-14
-5.818671304814902569e-15
-1.171706894659777573e-14
-5.606896533126423290e-15
-1.259313977342954537e-14
-5.735377552091077947e-15
-1.217537376771738185e-14
-5.240858055874156572e-15
-1.054949701110955701e-14
-5.150051109361485663e-15
-1.179441700639517487e-14
-5.842454076520602130e-15
-1.348331810802310383e-14
-6.422429395616411796e-15
-1.430901270024189204e-14
-6.941974853878194223e-15
-1.574619478406653962e-14
-7.589244606550357997e-15
-1.706338197428515913e-14
-7.688267419652271161e-15
-1.620887779725014884e-14
-7.861665446088370723e-15
-1.784037593626113826e-14
-8.404020744486074771e-15
-1.844797170158788744e-14
-7.833342327057038406e-15
-1.541339813544837463e-14
-6.859221618693135124e-15
-1.436074022870178648e-14
-6.889598704371778005e-15
-1.548825981456745237e-14
-7.305202639928877858e-15
-1.605326279783944680e-14
-6.834844277694792699e-15
-1.350310104994193615e-14
-5.989582950572679939e-15
-1.249125221737217257e-14
-5.927207226599095241e-15
-1.318603346170185970e-14
-6.155846145497070659e-15
-1.345056274517388949e-14
-6.280165179413227635e-15
-1.372049720403358081e-14
-6.222762216796288901e-15
-1.323392331563651814e-14
-6.424807672786981673e-15
-1.462035080257104764e-14
-7.093319764732645475e-15
-1.606764056437062075e-14
-7.507680509950584625e-15
-1.638449194559518941e-14
-7.428224431751996002e-15
-1.572549296233180669e-14
-6.835817209264571428e-15
-1.387400418504309494e-14
-6.421132153523373753e-15
-1.395854112810608263e-14
-6.433239746391730137e-15
-1.389173316031461671e-14
-6.638744514630524620e-15
-1.486682680024829951e-14
-7.218827937234087390e-15
-1.636092538090499684e-14
-7.481411357566561293e-15
-1.596461792148184114e-14
-7.219692765296112226e-15
-1.526940426312114159e-14
-6.698741961433539440e-15
-1.374611773537108394e-14
-6.581017241490326572e-15
-1.480218090261189567e-14
-7.136669271341671154e-15
-1.608623436770416735e-14
-7.698266994119440429e-15
-1.719245756254245429e-14
-7.790479286232901696e-15
-1.645421870809599073e-14
-6.955812102870601068e-15
-1.364179785038926550e-14
-6.044931946542308109e-15
-1.257924847268326118e-14
-5.903964972432161203e-15
-1.299479835648648370e-14
-6.174980466369383570e-15
-1.368914718678515841e-14
-5.954125000029637200e-15
-1.203937955496388170e-14
-5.255776339944095251e-15
-1.074451573909629326e-14
-4.942924788506393034e-15
-1.070646330436717364e-14
-5.255452029420835938e-15
-1.208716130539078703e-14
-6.128928372066528699e-15
-1.443646673588288905e-14
-6.963055037890063805e-15
-1.561003841605140902e-14
-6.690634198352051079e-15
-1.331046059912576979e-14
-5.860399258807630103e-15
-1.209753924213509137e-14
-5.682785195569155520e-15
-1.252822361702375956e-14
-5.909910665358586685e-15
-1.308149736970453505e-14
-6.369674883832860501e-15
-1.451667953863574941e-14
-7.239367603707191449e-15
-1.682263546251882654e-14
-8.235973841683756249e-15
-1.876730946349077908e-14
-8.667414941126696170e-15
-1.871823047097083492e-14
-8.696710991727808006e-15
-1.896319301953954016e-14
-9.248363191792285354e-15
-2.105823899979616680e-14
-9.866066635093953741e-15
-2.158805429129449967e-14
-9.686614812223675592e-15
-2.034389102056315354e-14
-9.628238918036958129e-15
-2.135909106187326337e-14
-9.879903884086362165e-15
-2.136222606359810813e-14
-9.655589105498514084e-15
-2.042842796362614124e-14
-9.484028838694217298e-15
-2.063814876866730916e-14
-9.576781648346445666e-15
-2.081143869159565720e-14
-9.652778414296930211e-15
-2.096537808663618532e-14
-9.680669119297251688e-15
-2.092073133793412002e-14
-9.547269390729827621e-15
-2.042096882159116913e-14
-9.718613450518616619e-15
-2.170004952532679485e-14
-1.054798356200101197e-14
-2.391465798515843397e-14
-1.100763967696753268e-14
-2.367791130317897098e-14
-1.097910035092069415e-14
-2.385671450500273208e-14
-1.106504263958447220e-14
-2.405703030486937203e-14
-1.132232898803703925e-14
-2.501450307303928617e-14
-1.242682252675127810e-14
-2.876428944647383391e-14
-1.339402461061897638e-14
-2.906924944184555476e-14
-1.272691786427410452e-14
-2.591922132942564744e-14
-1.103271969076627029e-14
-2.183809770472760556e-14
-9.410086039391041739e-15
-1.900167786829967377e-14
-9.163826248729297663e-15
-2.081878973012287146e-14
-1.083467406456244554e-14
-2.616537301657963841e-14
-1.373152376182440378e-14
-3.320950568528459056e-14
-1.592407910607439696e-14
-3.553308248093143162e-14
-1.592602496921395285e-14
-3.331004194749504403e-14
-1.476023674160366271e-14
-3.057945544515747572e-14
-1.368568787453705591e-14
-2.872061562934154812e-14
-1.344742774344904788e-14
-2.948231294497045587e-14
-1.335748562499840181e-14
-2.835209077141096079e-14
-1.363996009075746114e-14
-3.078636555899705977e-14
-1.523567596870214773e-14
-3.505472445912361120e-14
-1.574062745341725079e-14
-3.297729935063075796e-14
-1.496736306245875613e-14
-3.187421115751730947e-14
-1.520000181114359799e-14
-3.395390643967298265e-14
-1.596732050917567033e-14
-3.506607532743769822e-14
-1.593153824810936591e-14
-3.386818035802470923e-14
-1.560538996521802395e-14
-3.367575611422405065e-14
-1.517438127980609487e-14
-3.199463846515435311e-14
-1.463289080947041723e-14
-3.141282538642673751e-14
-1.508238519470813823e-14
-3.383347913203593901e-14
-1.530983497502083108e-14
-3.240889110686453994e-14
-1.513351815387539296e-14
-3.312853615797745374e-14
-1.542961366161135293e-14
-3.355943673988162814e-14
-1.455494818038037365e-14
-2.942426136130699614e-14
-1.356601729145428558e-14
-2.944728740845842476e-14
-1.460478389745459112e-14
-3.378731893422533656e-14
-1.597261758105557403e-14
-3.529547097088994695e-14
-1.671939661261454072e-14
-3.702069485112294269e-14
-1.700273590643562490e-14
-3.651055439803568745e-14
-1.667950641825361833e-14
-3.567610342168889146e-14
-1.634935830557540677e-14
-3.509715508591673865e-14
-1.631454897607888187e-14
-3.554346041767574228e-14
-1.661853603988082321e-14
-3.629991471317861577e-14
-1.593364626651055224e-14
-3.263012493548141902e-14
-1.485963791698271253e-14
-3.175962143929894295e-14
-1.488969069213809768e-14
-3.273017473190698747e-14
-1.534215792383902984e-14
-3.363548755758599160e-14
-1.543161357650478773e-14
-3.312621193256076120e-14
-1.527583642183245525e-14
-3.304183714475940396e-14
-1.567657612507349297e-14
-3.484181460060372591e-14
-1.641184213305674536e-14
-3.618602766776063733e-14
-1.714662167525510641e-14
-3.798665374465148106e-14
-1.725115776725243264e-14
-3.659741556651536768e-14
-1.651864839871688521e-14
-3.491748705603094956e-14
-1.630390078056519555e-14
-3.563869960800628889e-14
-1.584397440682929129e-14
-3.294524666058194117e-14
-1.522746010211290548e-14
-3.304113447195900957e-14
-1.587802701177154288e-14
-3.564237512726989760e-14
-1.620995883232767988e-14
-3.440902220731387139e-14
-1.549117860927678777e-14
-3.270141919884463958e-14
-1.551269120731967292e-14
-3.452117959660779385e-14
-1.605310064257781635e-14
-3.483300416472184079e-14
-1.525113477031085272e-14
-3.111067608225660053e-14
-1.388576044151125334e-14
-2.900098207669942113e-14
-1.309422655774247140e-14
-2.764912068636897086e-14
-1.222091237035840829e-14
-2.522952094996036095e-14
-1.126516925831254540e-14
-2.358813133998995536e-14
-1.120684741587970528e-14
-2.495431644509770381e-14
-1.177890415303259412e-14
-2.594840927651900775e-14
-1.167250327552652723e-14
-2.452955073725852164e-14
-1.100363984718066466e-14
-2.307501804043948896e-14
-1.004827509741193842e-14
-2.043326559559809621e-14
-9.148610680013038340e-15
-1.931946164227861434e-14
-9.828162842687996422e-15
-2.325756432621919953e-14
-1.107152885004966163e-14
-2.451295684881840984e-14
-1.082799867295868621e-14
-2.230888848099270235e-14
-1.041985387943655688e-14
-2.293763199502366502e-14
-1.088559757318342813e-14
-2.420517264930663697e-14
-1.129443828303671935e-14
-2.466271398940273570e-14
-1.153961366038631377e-14
-2.545351479625956833e-14
-1.241861341663126992e-14
-2.831989535094956231e-14
