4.999999999999999445e-01
2.355714139240207838e-01
-5.302563100342498859e-17
-4.620091735270371279e-03
3.326456528655487737e-17
1.098398388221082664e-04
2.000318802899315399e-17
-2.645706128596308788e-06
1.719908405174296887e-17
6.381159803010909652e-08
4.721368253459630565e-17
-1.539294742541692331e-09
3.759892313349971122e-17
3.713226504635575164e-11
5.200946191083148405e-17
-8.957192465572104904e-13
9.122813402049188333e-17
2.166103289171497211e-14
1.153891122267657237e-16
-4.551471902511159457e-16
1.516359290811056080e-16
9.919996524656004979e-17
2.160621324156482029e-16
1.081609069860289807e-16
2.744332304172411689e-16
9.810340258148072586e-17
1.572536875089139734e-16
3.760793246608589471e-17
1.351566119657074718e-17
3.206434580108696897e-18
1.191378262122371045e-17
-2.245484267477752709e-18
-2.516294107895179130e-17
-1.719240591454354984e-17
-6.167648582252657006e-17
-2.041132965231344424e-17
-2.042825946592189749e-17
-2.319342415471046628e-17
-6.962408509255733538e-17
-6.947066718980985964e-17
-2.370268621422956086e-16
-9.652524060313206739e-17
-1.770537274644721523e-16
-6.671611336023294747e-17
-1.128467401475545291e-16
-8.122872247366990491e-17
-2.445139600513213481e-16
-1.459884463541731160e-16
-3.845966268818530256e-16
-2.145679962067867367e-16
-5.237469884420508209e-16
-2.327536243978651074e-16
-5.049100752403200067e-16
-2.191518129883479084e-16
-4.530369602365278301e-16
-2.084259878436956024e-16
-4.738136635911670307e-16
-2.205858098733113950e-16
-4.807724078741719927e-16
-2.543651406531499265e-16
-6.218572873627205584e-16
-3.342289369962626667e-16
-8.238899428830642225e-16
-3.811938803078306131e-16
-8.208209934092615039e-16
-3.701390242412578667e-16
-7.771362964360379731e-16
-3.631870471913195462e-16
-7.973507699625164742e-16
-3.883471456109799801e-16
-8.805400286757505390e-16
-3.869879477658761786e-16
-7.997284911003203052e-16
-3.849121541262071086e-16
-8.767530206057279765e-16
-4.497506601111920556e-16
-1.046992326130613450e-15
-4.529731684006173151e-16
-9.225952092043490908e-16
-4.251080549741674425e-16
-9.121011703171453126e-16
-4.841563883069078950e-16
-1.186921211788544045e-15
-5.944899524443379066e-16
-1.379938316987705645e-15
-6.069744252022003068e-16
-1.232855631860622002e-15
-5.490352723969217215e-16
-1.163644730539492948e-15
-5.146138909359860120e-16
-1.051120142438617336e-15
-4.275869354247674514e-16
-8.197226555933518384e-16
-3.505559825336263344e-16
-7.105429898432543823e-16
-3.300306351986477923e-16
-7.134280457131070810e-16
-3.812172427440547927e-16
-9.533698033409499671e-16
-4.692365760108330853e-16
-1.074570919062873533e-15
-5.147686096673970480e-16
-1.155479095922621697e-15
-4.937163194844444281e-16
-9.794696849577503612e-16
-3.964519558085415610e-16
-7.456789648061869423e-16
-3.895738981327423995e-16
-9.510429423293512727e-16
-5.394993550794500354e-16
-1.378672806330181069e-15
-6.603598935567398909e-16
-1.452609589452988886e-15
-5.392567565435220306e-16
-8.777984847474901224e-16
-3.401914986406259523e-16
-6.068082242682555013e-16
-3.366662919055589756e-16
-8.551534004504643087e-16
-3.442702665672877176e-16
-6.337565288161062494e-16
-2.115537656007563998e-16
-2.828967446931895274e-16
-1.191768097973110931e-16
-2.477199555424383780e-16
-7.292967880439011541e-17
-5.827349766243705541e-17
3.837549326993323423e-17
2.050894143632207561e-16
2.236754653669827561e-18
-1.889426777350859048e-16
-1.405795382009147403e-16
-4.154303521477864874e-16
-1.614308208964799649e-16
-2.718502745547688472e-16
-1.360812899604152052e-16
-3.219501155684606273e-16
-2.190693161559808977e-16
-6.305835131570431767e-16
-3.229221756625167772e-16
-7.498474297683461791e-16
-4.030053158472697153e-16
-9.950998032179693028e-16
-5.012831408766394887e-16
-1.172280639302661823e-15
-5.655978145753525848e-16
-1.283270289331432289e-15
-6.436504100587647552e-16
-1.519257227360298715e-15
-7.759511416603750161e-16
-1.818615788206695052e-15
-8.404755335110322568e-16
-1.828416335250869312e-15
-9.018257105931564327e-16
-2.092217217716740336e-15
-1.069615558844077998e-15
-2.531289239376974911e-15
-1.175473105102631180e-15
-2.541026730115527883e-15
-1.235756501143816193e-15
-2.813117403808722134e-15
-1.338024011892994671e-15
-2.965205712023957055e-15
-1.343108675317073262e-15
-2.849654977208866505e-15
-1.374040233570501304e-15
-3.106846388978269176e-15
-1.423272196530963610e-15
-3.051320300656704216e-15
-1.320155374451256899e-15
-2.676754255123243328e-15
-1.359957227807657154e-15
-3.232116947244661410e-15
-1.629493650076851334e-15
-3.811345633493685774e-15
-1.750290561129289674e-15
-3.759384167471871982e-15
-1.722725836043681961e-15
-3.696862453977840025e-15
-1.600565922767901342e-15
-3.225585159902384876e-15
-1.385228055648063615e-15
-2.752653763908913055e-15
-1.204111782943330393e-15
-2.458734338543330894e-15
-1.059213794589078426e-15
-2.118853379399996625e-15
-9.494964923834597907e-16
-1.987373256386311016e-15
-1.001585646239899194e-15
-2.360687938473911190e-15
-1.180654231977974444e-15
-2.733545479248638033e-15
-1.243360027136322055e-15
-2.626690106139768395e-15
-1.245717993036970738e-15
-2.775731075950315140e-15
-1.349408533459188437e-15
-3.065366241660468821e-15
-1.319319247581784608e-15
-2.609028162405851474e-15
-1.078394299600254372e-15
-2.065192652592371918e-15
-9.460984091675559309e-16
-2.033485052036602534e-15
-8.996631664596454370e-16
-1.855027443255779390e-15
-8.112322926325043268e-16
-1.662099600261547033e-15
-9.100657075587198462e-16
-2.294821002742679155e-15
-1.240726477038304947e-15
-3.052809589198168718e-15
-1.387783626425248387e-15
-2.931707773994556615e-15
-1.278050133866315476e-15
-2.601781042600182629e-15
-1.198817811146004489e-15
-2.591869132955347679e-15
-1.169714111801326484e-15
-2.449439552750934979e-15
-9.789155682706405343e-16
-1.778837560844997406e-15
-8.175469336828367790e-16
-1.780351857390390823e-15
-7.809873135516980056e-16
-1.594685550788910502e-15
-7.149332628329697744e-16
-1.498072011773383313e-15
-7.524796065076039326e-16
-1.773065870135835527e-15
-8.657551939823050099e-16
-1.968305518880488290e-15
-1.013321999626833590e-15
-2.423141254394396154e-15
-1.246355555903758116e-15
-2.952760581215714109e-15
-1.252325055713578609e-15
-2.446039066642577196e-15
-9.840475718255899233e-16
-1.823480500823750753e-15
-8.384395989326398829e-16
-1.828088664959132996e-15
-8.528027306660441120e-16
-1.861881668467484937e-15
-8.972374991276583016e-16
-2.017974374128041210e-15
-9.500563544410809704e-16
-2.073254828043309640e-15
-8.384577281536836093e-16
-1.524824377569588769e-15
-5.547358798379907185e-16
-8.721035409495945340e-16
-5.283945704011316868e-16
-1.438964762532954809e-15
-8.224177197763059443e-16
-2.121063865414168434e-15
-1.026044369533645358e-15
-2.296809840723460759e-15
-1.021993073667070707e-15
-2.133538424844513387e-15
-1.066816435376237445e-15
-2.511029331991887811e-15
-1.398406394478113327e-15
-3.549817545039502025e-15
-1.732435528576775238e-15
-3.919023070611076672e-15
-1.751287123521506863e-15
-3.664223201469887311e-15
-1.684041731197927223e-15
-3.641870762816123793e-15
-1.707445683467964432e-15
-3.737300103371402368e-15
-1.646150011585279034e-15
-3.384027655981161050e-15
-1.449386933471331759e-15
-2.903926326356737915e-15
-1.292285456320574229e-15
-2.678448815275218368e-15
-1.020092463117595383e-15
-1.732585070013760413e-15
-7.394025177784842534e-16
-1.518459258105054305e-15
-1.111522670735515840e-15
-3.299398093408780659e-15
-1.655104714176493658e-15
-3.815450814087179815e-15
-1.590483621364855091e-15
-3.063977416204584503e-15
-1.382245801896849075e-15
-2.932326931432185477e-15
-1.295376772153548805e-15
-2.664032723962899087e-15
-1.154380501705317442e-15
-2.330970497356112953e-15
-8.762289062563262118e-16
-1.463262415804817388e-15
-6.586243776496835386e-16
-1.401954377827735057e-15
-6.967501221859023193e-16
-1.618671291078281642e-15
-6.705103905533610286e-16
-1.288455776675821405e-15
-6.285354254083493993e-16
-1.423838494872913674e-15
-6.362051287026040805e-16
-1.339754006484471545e-15
-7.864232700008831990e-16
-2.074935645722011002e-15
-1.038776753649920651e-15
-2.389620429439259414e-15
-9.369994780945160835e-16
-1.664495252399171345e-15
-7.727986868518121186e-16
-1.729726776373522004e-15
-1.092414120805847233e-15
-3.006301456061264924e-15
-1.417531914649114306e-15
-3.080258423667664389e-15
-1.115902294113834512e-15
-1.747566703638532690e-15
-8.826532804541916519e-16
-2.110631952750612221e-15
-1.141926682503696213e-15
-2.800872959997640865e-15
-1.190418277604171291e-15
-2.336984072560014584e-15
-1.004674690778928316e-15
-2.017452822081853194e-15
-8.877182728945387947e-16
-1.838521596357130124e-15
-9.888300765636200570e-16
-2.456122836608950491e-15
-1.230723023833657966e-15
-2.830649795102438709e-15
-1.100833872929791809e-15
-1.915488841261046323e-15
-6.767359119505476058e-16
-1.023722410087818715e-15
-3.499229435332111988e-16
-5.104080466237762022e-16
-2.809467652401309856e-16
-7.488668007157845413e-16
-5.829165642977673039e-16
-1.782727992524732412e-15
-1.029880074443629488e-15
-2.659304591012147594e-15
-1.262939545082915050e-15
-2.805451190720572809e-15
-1.360777068406045533e-15
-3.080656406734483960e-15
-1.448365058949396631e-15
-3.170165387133085056e-15
-1.354159167697847154e-15
-2.703551247423774435e-15
-1.431938384128313480e-15
-3.498337187079979371e-15
-1.718317562956254398e-15
-3.893503771577696539e-15
-1.543711872894694179e-15
-2.773108935750688721e-15
-1.305920475659242422e-15
-2.930241050948710819e-15
-1.560504504647705954e-15
-3.837141326888366977e-15
-1.972931486593395315e-15
-4.704826654864794154e-15
-2.383892935249423258e-15
-5.602644647746529497e-15
-2.586723881755029782e-15
-5.553947189756701852e-15
-2.312359457546620169e-15
-4.434927203189509963e-15
-2.006031831877655054e-15
-4.270429956043927504e-15
-1.893274412227845444e-15
-3.910120018583016999e-15
-1.443785135030621831e-15
-2.364236096175874733e-15
-1.331426013035597260e-15
-3.426010217220570273e-15
-1.515797567931616313e-15
-3.082134025186047241e-15
-9.679116211411761332e-16
-1.125800249406947019e-15
-6.547939393331164330e-16
-1.717638507627840543e-15
-6.154344042724251259e-16
-9.347385685468323653e-16
-4.222038538718574480e-16
-9.297325932176722724e-16
-6.087237889140710058e-16
-1.711582974813492529e-15
-8.199173739900391310e-16
-1.821731651122330771e-15
-9.074824198637460357e-16
-2.105314937962515248e-15
-8.508659713292474824e-16
-1.584280373738410559e-15
-9.831125965183419236e-16
-2.688472972009457435e-15
-1.421706362381047315e-15
-3.412532468134071216e-15
-1.313730444694471479e-15
-2.271984557751668973e-15
-1.243481872298768191e-15
-3.131053134251786428e-15
-1.495316987859761750e-15
-3.323329838612598708e-15
-1.498155720826737917e-15
-3.159197845939273934e-15
-1.539964643790585545e-15
-3.482898639268028689e-15
-1.171190000541243784e-15
-1.573905379914538965e-15
-7.791616714234298063e-16
-1.864327071858681523e-15
-1.266037014363283645e-15
-3.595703121041177931e-15
-1.570438984245289002e-15
-3.140711395049138397e-15
-9.594222017043599357e-16
-1.045047961380650220e-15
-6.568626079283136182e-16
-1.859569118520192514e-15
-1.000619532027080020e-15
-2.396795434564593597e-15
-5.365162759120844982e-16
9.347198584326031527e-17
1.839290568368295206e-16
6.565010891609207216e-16
3.852927884400102895e-16
1.014725885061491091e-15
5.955892025241577078e-16
1.531564097739786928e-15
5.683901198233383774e-16
8.971632143743228430e-16
2.417080465265476581e-16
1.780662425915793934e-16
3.041167061779959329e-16
1.199771928185259228e-15
1.047654780704621310e-15
3.312567921777412172e-15
1.577436768401150956e-15
3.418374417526059983e-15
1.214843751968141054e-15
1.815927339807200020e-15
5.893919142212418873e-16
7.666335691137331567e-16
2.503944289762809577e-16
3.515213426218075642e-16
2.892407391318633634e-16
9.144186204975675360e-16
4.581402834247852226e-16
1.058822774733378434e-15
4.725013183522314287e-16
9.556255023405555628e-16
3.042521137069613541e-16
3.776968306461728124e-16
1.216209493030623381e-16
1.755253171094146472e-16
2.270189030022224670e-16
7.917100264178067833e-16
1.770980141665092356e-16
-5.202158722798743836e-17
-2.540709452439694662e-16
-1.030504390865440248e-15
-4.155774073689747037e-16
-7.560932981473382958e-16
-4.313790477188788205e-16
-1.111305381318061687e-15
-7.106184362099260471e-16
-1.905167568428501707e-15
-6.471054378199751085e-16
-8.815381912448064879e-16
-2.155024225883324867e-16
-7.412679463758014858e-17
-1.400574710993093136e-16
-5.683891999984525492e-16
-3.396760844871755222e-16
-9.247795293835877343e-16
-5.713158262427914332e-16
-1.559272182143785711e-15
-1.188152691725947688e-15
-3.543686889621345947e-15
-1.670649487032266160e-15
-3.649655842782651806e-15
-1.288537544466344549e-15
-1.893836444573689187e-15
-7.455210224833227375e-16
-1.357049449786726063e-15
-4.651272625738980506e-16
-6.101793448529265543e-16
-2.233490015915504959e-16
-4.039998749573871442e-16
-4.879514746276431589e-16
-1.676186603091319631e-15
-6.392354941343632392e-16
-1.176374750512283467e-15
-3.615680758289800809e-16
-4.056826154105442576e-16
-2.728996815592568599e-16
-8.365815160581908385e-16
-2.307270787321945589e-16
-1.532359819106743706e-16
2.653930629594590367e-17
2.660317808546784606e-16
3.485951554736930952e-16
1.396677488851999425e-15
7.847494414008473468e-16
1.839841719280001939e-15
6.330103531624733984e-16
8.621786268623406466e-16
2.766205780296552051e-16
4.630350011031178850e-16
3.291244908157228928e-16
9.491136328024692795e-16
4.075604818086093894e-16
8.220698831587510057e-16
2.220805974757548950e-16
1.118191390156861272e-16
-1.120177273700803862e-16
-6.380957885468539439e-16
-5.846225390219826329e-16
-1.866485644551930239e-15
-1.058930613871237390e-15
-2.698404043197756432e-15
-1.322336310725108697e-15
-3.010078984047823174e-15
-1.392476327608185340e-15
-3.040520556105881473e-15
-1.456936199068197754e-15
-3.301400422481522004e-15
-1.690686215289741272e-15
-3.991077027933832776e-15
-1.927801607207022576e-15
-4.335254463122150117e-15
-1.821183051941588622e-15
-3.546822431253702195e-15
-1.614461958968319869e-15
-3.444978990880627128e-15
-1.561697321869313796e-15
-3.327380940240650964e-15
-1.512510699110258646e-15
-3.238397087330880111e-15
-1.763282898761628993e-15
-4.400397757664749146e-15
-2.169879837962021730e-15
-4.959145908819271728e-15
-2.179467481353484502e-15
-4.440676230818674421e-15
-1.746103918643627430e-15
-3.137307182178769339e-15
-1.525249968460953959e-15
-3.511268389005717993e-15
-2.110629477686361918e-15
-5.604325726520763761e-15
-2.401193188975584531e-15
-4.717045096998210406e-15
-1.829851205077415776e-15
-3.207060855392731184e-15
-1.433925102718846685e-15
-3.041661281403444266e-15
-1.534158299490965980e-15
-3.612198335469255594e-15
-1.955239205242773858e-15
-4.862011735164668381e-15
-2.476908137550519629e-15
-5.842404467267901364e-15
-2.740077324381405091e-15
-5.972173240238509315e-15
-2.285911263851427468e-15
-3.873480430482408859e-15
-1.373130174340764776e-15
-2.080948195664384523e-15
-6.509221382496423344e-16
-7.470009945975319698e-16
-1.525259260149415179e-16
5.523706240122067784e-17
-6.561078758438953069e-17
-3.318849043089757299e-16
7.770691352570026799e-17
7.303989952743365163e-16
1.044237629673659698e-15
3.818631662417867338e-15
2.441857157874224887e-15
6.687221278863520035e-15
2.816617595141517743e-15
5.432617726910238442e-15
2.394172672562588543e-15
4.952975252691150403e-15
2.387654082093662195e-15
5.403079166657705582e-15
2.531890089591092167e-15
5.593499221371450477e-15
3.060716886629623665e-15
7.681975639140298831e-15
3.948699012228377273e-15
9.352489619451701353e-15
4.154170158748843909e-15
8.529814446909921041e-15
3.276112970273986142e-15
5.587512302388296437e-15
1.668796781065405175e-15
1.633873270286815493e-15
-5.398390421086419257e-17
-1.774650311726521386e-15
-7.876644012894770255e-16
-1.524955277018978550e-15
-1.342438262263195439e-16
9.860966585737114784e-16
9.911328186934772089e-16
3.260995249448818551e-15
1.524601167712949403e-15
3.269774060874654990e-15
1.292447495062065392e-15
2.296571425667084351e-15
6.814688723713163881e-16
6.648260746983782581e-16
3.960152098634796440e-17
-4.203740807131438861e-16
2.558556203974916076e-16
1.576704762569535419e-15
1.155699514359264999e-15
3.385450171955955161e-15
1.564359210812391627e-15
3.353886561278100588e-15
1.786852707871270030e-15
4.402964172067021561e-15
2.277640673709410095e-15
5.426072807135846937e-15
2.373020384882528733e-15
4.854261902459489793e-15
2.455198127685279051e-15
5.833132860020725410e-15
3.202433784448646539e-15
8.054490185460186368e-15
4.211537799811417475e-15
1.013383265927258934e-14
4.628307375352288855e-15
9.838410791777039662e-15
4.426051228646371466e-15
9.351526259123184858e-15
4.701054989242666736e-15
1.100622170079480309e-14
5.220308805005085034e-15
1.154581023449293255e-14
5.340599194120612764e-15
1.159167626100189647e-14
5.726339962666176987e-15
1.320377512094886107e-14
6.215529069913879677e-15
1.363759610061757680e-14
6.121974343529681964e-15
1.284278697033433851e-14
5.817386575231971920e-15
1.234022837650727500e-14
5.692323318020560599e-15
1.225317615999497412e-14
5.031797860817996525e-15
9.464429625385014523e-15
3.655620943489814796e-15
6.418462015221536799e-15
3.034278216827896818e-15
6.778981518725229259e-15
3.262457469187585510e-15
7.369332415007586218e-15
3.893904321863246503e-15
9.478800823547408853e-15
4.562103949847449089e-15
1.020146083409963179e-14
4.306664554740866707e-15
8.413739835014070275e-15
3.820602353403799289e-15
8.164283448387879495e-15
3.851194103583516842e-15
8.491329813399779781e-15
3.735805564105429629e-15
7.669029546917051099e-15
3.621091655413745253e-15
8.060076277197721214e-15
4.151451953685449765e-15
9.939048992994314677e-15
4.943603838966991578e-15
1.143353438960101884e-14
5.363237110440886948e-15
1.172751172288422931e-14
5.137263271672220625e-15
1.049420310700567988e-14
4.694049002911006397e-15
9.829392174024662401e-15
4.298975802503712242e-15
8.749337701668901425e-15
3.599784687044477631e-15
6.835606081777055693e-15
3.122229181737885820e-15
6.734648072684636682e-15
3.447015335955748179e-15
8.171012240005759290e-15
3.644668333522834705e-15
7.524682308499610429e-15
2.881369213206754550e-15
4.904616402065454262e-15
1.608591326613401527e-15
2.072336567199785071e-15
4.795254004871041199e-16
2.304782021834815458e-17
-2.571423486928981501e-16
-1.078058386342220112e-15
-2.171477386394104784e-16
1.625759040192769739e-16
5.143433410163998159e-17
1.619439344947323098e-17
-2.292695289902444452e-16
-9.825823196334337516e-16
-2.241213773516486224e-16
4.351809225528745335e-17
1.505187973851054393e-16
5.843684318128665088e-16
2.933135941911367091e-16
6.929338898997683100e-16
6.796894694032451680e-16
2.276752079641155249e-15
1.413300626803250828e-15
3.816973530514080469e-15
1.819817842722860355e-15
4.025539444286396853e-15
1.891827552060499423e-15
4.153679550663955196e-15
1.906598488660905985e-15
4.093656577271995303e-15
1.902583892802194798e-15
4.147810486048534742e-15
2.073674912877080179e-15
4.843205734290024439e-15
2.355582284325732079e-15
5.336615889196969851e-15
2.479938264138719040e-15
5.359694945097744623e-15
2.075568125391490233e-15
3.623673525730464025e-15
1.644135222058055471e-15
3.552694890335186661e-15
1.956749963147811492e-15
4.913805839303801879e-15
2.348210546108282371e-15
5.240795520397518350e-15
2.626260499408686146e-15
6.112993476913700950e-15
2.865878366745637004e-15
6.315805045620810336e-15
3.458985043540348116e-15
8.665462422686452164e-15
4.244258463340095000e-15
9.628518113087018674e-15
4.099733772656462447e-15
8.117624479559532748e-15
3.992761939050324539e-15
9.211341416587379094e-15
4.532768096020336401e-15
1.035367308758662631e-14
4.402692207335458361e-15
8.649408415532687551e-15
3.648266479201201281e-15
7.166057546972343148e-15
3.248345730234989040e-15
6.973456118731519777e-15
3.822959375983158348e-15
9.602943653343668924e-15
4.794948723544113593e-15
1.110208497241153185e-14
5.195482560334181299e-15
1.137218654556386489e-14
5.544229589487210276e-15
1.265745146049556355e-14
6.425091921663471872e-15
1.514457532783951874e-14
7.298760808727684260e-15
1.642179928343913581e-14
7.917419484400315110e-15
1.781144286200680933e-14
8.173935515239205180e-15
1.746556804585481824e-14
7.312478188058713876e-15
1.422544092114959132e-14
6.954631036645347481e-15
1.598250390871438131e-14
7.986771609555342691e-15
1.855748844308037524e-14
8.640536706086380174e-15
1.884139796996588415e-14
9.198005941116811375e-15
2.103635748753919157e-14
1.061656287712621302e-14
2.486183499474619448e-14
1.151359728157683875e-14
2.489001685528381902e-14
1.136884977100193872e-14
2.431000296041422343e-14
1.122956738466123122e-14
2.433726993780871436e-14
1.171386473001617454e-14
2.646822920281266454e-14
1.356254494893961829e-14
3.213516863906684199e-14
1.424410650389985071e-14
2.925077807603206785e-14
1.185503256700605909e-14
2.214679549358965485e-14
1.056375788063412415e-14
2.380622236274732179e-14
1.212054059754469747e-14
2.852097867869479027e-14
1.207445701493766808e-14
2.356915342768357954e-14
9.947504693521789803e-15
1.973393379786068819e-14
1.108751282362855316e-14
2.841852958035475706e-14
1.431307538200841097e-14
3.330751332280925846e-14
1.493797652293151012e-14
3.124187770753978182e-14
1.437092158696430165e-14
3.101408372270659615e-14
1.469213539575041792e-14
3.256998728953202349e-14
1.491772910951952503e-14
3.200684888302220820e-14
1.550097865585625638e-14
3.510300548008087250e-14
1.638737343036231874e-14
3.568412904813121895e-14
1.568409210211278490e-14
3.220768313305355573e-14
1.497268629476582961e-14
3.268104007365088281e-14
1.552255681034823645e-14
3.450708574886741542e-14
1.628492122973447271e-14
3.586309491463097111e-14
1.575386499363297806e-14
3.220327820280436982e-14
1.376815274898764592e-14
2.745531690967133172e-14
1.270194272966059355e-14
2.760596129490634720e-14
1.265966244941476367e-14
2.711633265502192452e-14
1.179524369171357044e-14
2.392960740013189125e-14
1.108492911703122869e-14
2.412572513576433774e-14
1.140930620657532042e-14
2.525497326324083984e-14
1.179480772542670992e-14
2.578546495990360338e-14
1.201964870772998235e-14
2.621857416138826780e-14
1.191909517897307826e-14
2.534063375106826623e-14
1.144219610661058846e-14
2.420459823853219730e-14
1.138708278308182626e-14
2.511657474660681356e-14
1.168943545846532565e-14
2.543546151620988295e-14
1.156514571237161227e-14
2.459577251031070357e-14
1.118775620938908962e-14
2.384588128551801008e-14
1.092034557746492611e-14
2.343342043587180922e-14
1.081718219323920249e-14
2.338958690601916694e-14
1.062642958653630293e-14
2.257651985506948869e-14
1.012602044750237677e-14
2.124527952995312633e-14
9.485544454829739256e-15
1.983495039406691492e-14
9.138083104332341074e-15
1.976592197282685265e-14
9.112904340798741622e-15
1.966464046409335102e-14
9.090970410682772733e-15
1.965942866398837374e-14
8.811532035170744460e-15
1.846420208366816078e-14
8.325579274733122853e-15
1.757309735090195556e-14
7.937690065839522142e-15
1.680437906282482778e-14
7.762423692782570123e-15
1.686862955409850536e-14
8.564589058181906722e-15
2.025308915753384535e-14
1.001941851508586050e-14
2.302699238715305567e-14
1.039170621916227161e-14
2.187457301766573162e-14
1.000444447261054397e-14
2.143359847555655687e-14
9.681189316562937734e-15
2.043465370974742663e-14
9.115842922974122858e-15
1.910981224151983124e-14
9.664939819936828468e-15
2.278451670123632126e-14
1.096137751919362273e-14
2.461526924158627924e-14
1.158298316955725551e-14
2.545476435530339856e-14
1.149171538498591384e-14
2.422511963563466104e-14
1.076734751814127230e-14
2.245814725486988173e-14
1.093500312897141435e-14
2.492776635075060810e-14
1.185796114759581120e-14
2.631139255997561996e-14
1.191929669018231842e-14
2.520784206161530416e-14
1.112022925534030649e-14
2.295353427949483920e-14
1.083355686916001444e-14
2.397890146578120948e-14
1.119220173837426535e-14
2.437960766210643906e-14
1.045288974519183853e-14
2.085389369753132947e-14
9.700341498859781130e-15
2.117444533191609819e-14
9.673391224974791721e-15
2.060567472235563269e-14
8.765407531672754531e-15
1.734855526645671103e-14
8.263157320067642101e-15
1.848417075247965076e-14
8.730894188830139192e-15
1.923490094174922180e-14
8.446181926888239515e-15
1.727328360499020852e-14
7.546680053887692498e-15
1.545362747881529488e-14
7.517672270366528566e-15
1.715019323547188607e-14
8.491517235367531166e-15
1.953353309265994071e-14
8.796293341234621934e-15
1.849710054080411260e-14
8.581789811551931776e-15
1.865661517951456962e-14
8.436558967245060426e-15
1.780411356700301630e-14
7.733728949631880954e-15
1.564122422427454123e-14
6.862146273885709093e-15
1.411907992622633622e-14
6.602928242451567994e-15
1.449127322075393124e-14
6.830456719403083903e-15
1.504696838511958059e-14
6.948877274689341762e-15
1.507110601712648146e-14
7.415993878410629992e-15
1.696715113578258966e-14
7.107432885408224353e-15
1.373770129048594357e-14
5.968744529168396251e-15
1.220785398639781403e-14
6.133899455382587125e-15
1.437553022148025437e-14
7.016988815737192758e-15
1.594765697689312165e-14
7.160591599259231578e-15
1.493613779532813711e-14
5.994594868468744622e-15
1.098798606692565642e-14
4.470906827144571707e-15
8.386086093446502207e-15
3.232411631261158736e-15
5.648914952781078257e-15
2.526672259019359201e-15
5.332021535358924546e-15
2.763719427393486399e-15
6.687317563689702442e-15
3.337235964126304309e-15
7.705979234088023128e-15
3.125108966867202406e-15
5.722799212498406076e-15
1.969656743047366065e-15
2.904209609476625877e-15
1.263505482274416271e-15
2.639738266190810477e-15
1.133205660690737377e-15
2.334877493882049050e-15
1.442289781854462946e-15
3.927049536008220116e-15
2.011691936881001163e-15
4.648534322435875306e-15
1.871890665938499152e-15
3.475601406928769703e-15
1.293130062658144878e-15
2.024910920977022606e-15
6.237567944249682130e-16
7.352451812528465512e-16
2.517865486850337796e-16
3.307996087748317563e-16
