0.000000000000000000e+00
1.273238551875655045e+00
0.000000000000000000e+00
-4.244102029961519529e-01
0.000000000000000000e+00
2.546429446309181333e-01
0.000000000000000000e+00
-1.818844134650205169e-01
0.000000000000000000e+00
1.414621246790797038e-01
0.000000000000000000e+00
-1.157381278624062676e-01
0.000000000000000000e+00
9.792859592938771285e-02
0.000000000000000000e+00
-8.486774290277587784e-02
0.000000000000000000e+00
7.487956443817181396e-02
0.000000000000000000e+00
-6.699374222779463928e-02
0.000000000000000000e+00
6.060960303065711374e-02
0.000000000000000000e+00
-5.533540342613898350e-02
0.000000000000000000e+00
5.090475788583319339e-02
0.000000000000000000e+00
-4.713020992458328423e-02
0.000000000000000000e+00
4.387601518901265013e-02
0.000000000000000000e+00
-4.104146012469416654e-02
0.000000000000000000e+00
3.855024658252757808e-02
0.000000000000000000e+00
-3.634351598864420801e-02
0.000000000000000000e+00
3.437513594569942960e-02
0.000000000000000000e+00
-3.260843711067909489e-02
0.000000000000000000e+00
3.101390513287493808e-02
0.000000000000000000e+00
-2.956751670217732525e-02
0.000000000000000000e+00
2.824951931783838133e-02
0.000000000000000000e+00
-2.704352260561937102e-02
0.000000000000000000e+00
2.593581216953205412e-02
0.000000000000000000e+00
-2.491482489021109789e-02
0.000000000000000000e+00
2.397074302367328477e-02
0.000000000000000000e+00
-2.309517686032734954e-02
0.000000000000000000e+00
2.228091419263688103e-02
0.000000000000000000e+00
-2.152172073848462527e-02
0.000000000000000000e+00
2.081217982554621135e-02
0.000000000000000000e+00
-2.014756261194000989e-02
0.000000000000000000e+00
1.952372226617568249e-02
0.000000000000000000e+00
-1.893700709991235145e-02
0.000000000000000000e+00
1.838418880810082159e-02
0.000000000000000000e+00
-1.786240283751425184e-02
0.000000000000000000e+00
1.736909855774631736e-02
0.000000000000000000e+00
-1.690199740482350652e-02
0.000000000000000000e+00
1.645905754790819020e-02
0.000000000000000000e+00
-1.603844392307368638e-02
0.000000000000000000e+00
1.563850270652869176e-02
0.000000000000000000e+00
-1.525773947844919626e-02
0.000000000000000000e+00
1.489480046957982785e-02
0.000000000000000000e+00
-1.454845639448720113e-02
0.000000000000000000e+00
1.421758846462919772e-02
0.000000000000000000e+00
-1.390117624582320847e-02
0.000000000000000000e+00
1.359828708251817515e-02
0.000000000000000000e+00
-1.330806685793627445e-02
0.000000000000000000e+00
1.302973189728330421e-02
0.000000000000000000e+00
-1.276256185240951836e-02
0.000000000000000000e+00
1.250589343183174454e-02
0.000000000000000000e+00
-1.225911486125881751e-02
0.000000000000000000e+00
1.202166097718565703e-02
0.000000000000000000e+00
-1.179300887074859021e-02
0.000000000000000000e+00
1.157267401115095670e-02
0.000000000000000000e+00
-1.136020678817525886e-02
0.000000000000000000e+00
1.115518942187080503e-02
0.000000000000000000e+00
-1.095723319470322948e-02
0.000000000000000000e+00
1.076597596757738681e-02
0.000000000000000000e+00
-1.058107994637060359e-02
0.000000000000000000e+00
1.040222966993717413e-02
0.000000000000000000e+00
-1.022913019442017388e-02
0.000000000000000000e+00
1.006150545187639925e-02
0.000000000000000000e+00
-9.899096763970551341e-03
0.000000000000000000e+00
9.741661493956091725e-03
0.000000000000000000e+00
-9.588971822111916690e-03
0.000000000000000000e+00
9.440813631691611502e-03
0.000000000000000000e+00
-9.296985493879741588e-03
0.000000000000000000e+00
9.157297741669788091e-03
0.000000000000000000e+00
-9.021571623681563790e-03
0.000000000000000000e+00
8.889638530019450258e-03
0.000000000000000000e+00
-8.761339283049647889e-03
0.000000000000000000e+00
8.636523486940217431e-03
0.000000000000000000e+00
-8.515048930193126406e-03
0.000000000000000000e+00
8.396781036455174679e-03
0.000000000000000000e+00
-8.281592358758155942e-03
0.000000000000000000e+00
8.169362113677702125e-03
0.000000000000000000e+00
-8.059975751290419238e-03
0.000000000000000000e+00
7.953324558271782432e-03
0.000000000000000000e+00
-7.849305290674459326e-03
0.000000000000000000e+00
7.747819834356051670e-03
0.000000000000000000e+00
-7.648774890126663895e-03
0.000000000000000000e+00
7.552081682062596057e-03
0.000000000000000000e+00
-7.457655686541275752e-03
0.000000000000000000e+00
7.365416380710398600e-03
0.000000000000000000e+00
-7.275287008457009472e-03
0.000000000000000000e+00
7.187194362735400792e-03
0.000000000000000000e+00
-7.101068582705245477e-03
0.000000000000000000e+00
7.016842964734949610e-03
0.000000000000000000e+00
-6.934453785965580090e-03
0.000000000000000000e+00
6.853840139683029832e-03
0.000000000000000000e+00
-6.774943781375202673e-03
0.000000000000000000e+00
6.697708984867926062e-03
0.000000000000000000e+00
-6.622082407643202669e-03
0.000000000000000000e+00
6.548012964694983375e-03
0.000000000000000000e+00
-6.475451710383160406e-03
0.000000000000000000e+00
6.404351727524308126e-03
0.000000000000000000e+00
-6.334668023435610119e-03
0.000000000000000000e+00
6.266357432163378177e-03
0.000000000000000000e+00
-6.199378522781657554e-03
0.000000000000000000e+00
6.133691512961604760e-03
0.000000000000000000e+00
-6.069258187881244535e-03
0.000000000000000000e+00
6.006041823634883543e-03
0.000000000000000000e+00
-5.944007115327876005e-03
0.000000000000000000e+00
5.883120109070612280e-03
0.000000000000000000e+00
-5.823348138047246270e-03
0.000000000000000000e+00
5.764659761999592000e-03
0.000000000000000000e+00
-5.707024710259541063e-03
0.000000000000000000e+00
5.650413827772119042e-03
0.000000000000000000e+00
-5.594799024235715991e-03
0.000000000000000000e+00
5.540153225824715616e-03
0.000000000000000000e+00
-5.486450329721152645e-03
0.000000000000000000e+00
5.433665160832674285e-03
0.000000000000000000e+00
-5.381773431052311318e-03
0.000000000000000000e+00
5.330751700396444727e-03
0.000000000000000000e+00
-5.280577340416079714e-03
0.000000000000000000e+00
5.231228499229695003e-03
0.000000000000000000e+00
-5.182684068631380862e-03
0.000000000000000000e+00
5.134923652539407496e-03
0.000000000000000000e+00
-5.087927537380142022e-03
0.000000000000000000e+00
5.041676663585524347e-03
0.000000000000000000e+00
-4.996152598858103963e-03
0.000000000000000000e+00
4.951337512394881832e-03
0.000000000000000000e+00
-4.907214150690918097e-03
0.000000000000000000e+00
4.863765814213649556e-03
0.000000000000000000e+00
-4.820976335464637226e-03
0.000000000000000000e+00
4.778830057815364879e-03
0.000000000000000000e+00
-4.737311815609309383e-03
0.000000000000000000e+00
4.696406914917170862e-03
0.000000000000000000e+00
-4.656101115463551210e-03
0.000000000000000000e+00
4.616380613109147442e-03
0.000000000000000000e+00
-4.577232023391056108e-03
0.000000000000000000e+00
4.538642365568537965e-03
0.000000000000000000e+00
-4.500599047616488102e-03
0.000000000000000000e+00
4.463089851667025043e-03
0.000000000000000000e+00
-4.426102920283385422e-03
0.000000000000000000e+00
4.389626743207310569e-03
0.000000000000000000e+00
-4.353650144770996981e-03
0.000000000000000000e+00
4.318162271751678841e-03
0.000000000000000000e+00
-4.283152581928700679e-03
0.000000000000000000e+00
4.248610832880011373e-03
0.000000000000000000e+00
-4.214527071491774336e-03
0.000000000000000000e+00
4.180891623740119398e-03
0.000000000000000000e+00
-4.147695085015050409e-03
0.000000000000000000e+00
4.114928310772267631e-03
0.000000000000000000e+00
-4.082582407580133237e-03
0.000000000000000000e+00
4.050648724582761422e-03
0.000000000000000000e+00
-4.019118845252557526e-03
0.000000000000000000e+00
3.987984579512911590e-03
0.000000000000000000e+00
-3.957237956147789150e-03
0.000000000000000000e+00
3.926871215543282188e-03
0.000000000000000000e+00
-3.896876802706868061e-03
0.000000000000000000e+00
3.867247360527828817e-03
0.000000000000000000e+00
-3.837975723385540251e-03
0.000000000000000000e+00
3.809054910876625080e-03
0.000000000000000000e+00
-3.780478121942827674e-03
0.000000000000000000e+00
3.752238729059188642e-03
0.000000000000000000e+00
-3.724330272802899716e-03
0.000000000000000000e+00
3.696746456451551789e-03
0.000000000000000000e+00
-3.669481141019067562e-03
0.000000000000000000e+00
3.642528340159685921e-03
0.000000000000000000e+00
-3.615882215658204352e-03
0.000000000000000000e+00
3.589537072638051239e-03
0.000000000000000000e+00
-3.563487355400714231e-03
0.000000000000000000e+00
3.537727642997629159e-03
0.000000000000000000e+00
-3.512252645321854976e-03
0.000000000000000000e+00
3.487057199042880272e-03
0.000000000000000000e+00
-3.462136263945957745e-03
0.000000000000000000e+00
3.437484919133899832e-03
0.000000000000000000e+00
-3.413098359691110490e-03
0.000000000000000000e+00
3.388971893062406749e-03
0.000000000000000000e+00
-3.365100936005430057e-03
0.000000000000000000e+00
3.341481011190285556e-03
0.000000000000000000e+00
-3.318107744390611045e-03
0.000000000000000000e+00
3.294976861264678307e-03
0.000000000000000000e+00
-3.272084184781893969e-03
0.000000000000000000e+00
3.249425632192008175e-03
0.000000000000000000e+00
-3.226997212640020287e-03
0.000000000000000000e+00
3.204795024313184144e-03
0.000000000000000000e+00
-3.182815252258808323e-03
0.000000000000000000e+00
3.161054165649606826e-03
0.000000000000000000e+00
-3.139508115808150451e-03
0.000000000000000000e+00
3.118173533613160294e-03
0.000000000000000000e+00
-3.097046927672170852e-03
0.000000000000000000e+00
3.076124881856238166e-03
0.000000000000000000e+00
-3.055404053662647522e-03
0.000000000000000000e+00
3.034881171809650398e-03
0.000000000000000000e+00
-3.014553034793531015e-03
0.000000000000000000e+00
2.994416508562611039e-03
0.000000000000000000e+00
-2.974468525220853431e-03
0.000000000000000000e+00
2.954706080800932871e-03
0.000000000000000000e+00
-2.935126234087224572e-03
0.000000000000000000e+00
2.915726104483703802e-03
0.000000000000000000e+00
-2.896502870958129420e-03
0.000000000000000000e+00
2.877453769990715154e-03
0.000000000000000000e+00
-2.858576094632877748e-03
0.000000000000000000e+00
2.839867192514448652e-03
0.000000000000000000e+00
-2.821324465020856511e-03
0.000000000000000000e+00
2.802945365403687605e-03
0.000000000000000000e+00
-2.784727397976403430e-03
0.000000000000000000e+00
2.766668116355691480e-03
0.000000000000000000e+00
-2.748765122740043192e-03
0.000000000000000000e+00
2.731016066186547301e-03
0.000000000000000000e+00
-2.713418641966886761e-03
0.000000000000000000e+00
2.695970589982318432e-03
0.000000000000000000e+00
-2.678669694055856899e-03
0.000000000000000000e+00
2.661513780553037035e-03
0.000000000000000000e+00
-2.644500717635335420e-03
0.000000000000000000e+00
2.627628413986604888e-03
0.000000000000000000e+00
-2.610894818115687063e-03
0.000000000000000000e+00
2.594297917136650661e-03
0.000000000000000000e+00
-2.577835736131049455e-03
0.000000000000000000e+00
2.561506336964628795e-03
0.000000000000000000e+00
-2.545307817733640041e-03
0.000000000000000000e+00
2.529238311604770258e-03
0.000000000000000000e+00
-2.513295986295377860e-03
0.000000000000000000e+00
2.497479042996036784e-03
0.000000000000000000e+00
-2.481785715889110819e-03
0.000000000000000000e+00
2.466214271073858232e-03
0.000000000000000000e+00
-2.450763006193053348e-03
0.000000000000000000e+00
2.435430249318493515e-03
0.000000000000000000e+00
-2.420214358699194004e-03
0.000000000000000000e+00
2.405113721625593438e-03
0.000000000000000000e+00
-2.390126754253539629e-03
0.000000000000000000e+00
2.375251900449223529e-03
0.000000000000000000e+00
-2.360487631722574947e-03
0.000000000000000000e+00
2.345832446055067400e-03
0.000000000000000000e+00
-2.331284867858008855e-03
0.000000000000000000e+00
2.316843446890860109e-03
0.000000000000000000e+00
-2.302506758168506879e-03
0.000000000000000000e+00
2.288273400965030666e-03
0.000000000000000000e+00
-2.274141998766793151e-03
0.000000000000000000e+00
2.260111198222479641e-03
0.000000000000000000e+00
-2.246179669204455363e-03
0.000000000000000000e+00
2.232346103751967157e-03
0.000000000000000000e+00
-2.218609216134907140e-03
0.000000000000000000e+00
2.204967741897061965e-03
0.000000000000000000e+00
-2.191420437835825234e-03
0.000000000000000000e+00
2.177966081167717876e-03
0.000000000000000000e+00
-2.164603469456730187e-03
0.000000000000000000e+00
2.151331419869250729e-03
0.000000000000000000e+00
-2.138148769054072466e-03
0.000000000000000000e+00
2.125054372475263659e-03
0.000000000000000000e+00
-2.112047104275763081e-03
0.000000000000000000e+00
2.099125856649144712e-03
0.000000000000000000e+00
-2.086289539720710684e-03
0.000000000000000000e+00
2.073537080907496711e-03
0.000000000000000000e+00
-2.060867424886363587e-03
0.000000000000000000e+00
2.048279532875090479e-03
0.000000000000000000e+00
-2.035772382708207935e-03
0.000000000000000000e+00
2.023344968090902418e-03
0.000000000000000000e+00
-2.010996298669049699e-03
0.000000000000000000e+00
1.998725399354837201e-03
0.000000000000000000e+00
-1.986531310372114008e-03
0.000000000000000000e+00
1.974413086596239677e-03
0.000000000000000000e+00
-1.962369797633443935e-03
0.000000000000000000e+00
1.950400527178225039e-03
0.000000000000000000e+00
-1.938504373053860337e-03
0.000000000000000000e+00
1.926680446664677526e-03
0.000000000000000000e+00
-1.914927872976889206e-03
0.000000000000000000e+00
1.903245790032265759e-03
0.000000000000000000e+00
-1.891633348910423543e-03
0.000000000000000000e+00
1.880089713262748279e-03
0.000000000000000000e+00
-1.868614059288517884e-03
0.000000000000000000e+00
1.857205575305640594e-03
0.000000000000000000e+00
-1.845863461684585198e-03
0.000000000000000000e+00
1.834586930443969297e-03
0.000000000000000000e+00
-1.823375205250260707e-03
0.000000000000000000e+00
1.812227520947816157e-03
0.000000000000000000e+00
-1.801143123621708848e-03
0.000000000000000000e+00
1.790121270094492765e-03
0.000000000000000000e+00
-1.779161228050763627e-03
0.000000000000000000e+00
1.768262275471999424e-03
0.000000000000000000e+00
-1.757423700860109893e-03
0.000000000000000000e+00
1.746644802593511720e-03
0.000000000000000000e+00
-1.735924889204295716e-03
0.000000000000000000e+00
1.725263278744355606e-03
0.000000000000000000e+00
-1.714659299063408041e-03
0.000000000000000000e+00
1.704112287181454429e-03
0.000000000000000000e+00
-1.693621589528710976e-03
0.000000000000000000e+00
1.683186561472299354e-03
0.000000000000000000e+00
-1.672806567310633572e-03
0.000000000000000000e+00
1.662480980125371956e-03
0.000000000000000000e+00
-1.652209181488896363e-03
0.000000000000000000e+00
1.641990561496710094e-03
0.000000000000000000e+00
-1.631824518438511340e-03
0.000000000000000000e+00
1.621710458811874726e-03
0.000000000000000000e+00
-1.611647797052482732e-03
0.000000000000000000e+00
1.601635955478739439e-03
0.000000000000000000e+00
-1.591674364091115934e-03
0.000000000000000000e+00
1.581762460507651555e-03
0.000000000000000000e+00
-1.571899689738334239e-03
0.000000000000000000e+00
1.562085504203063798e-03
0.000000000000000000e+00
-1.552319363380204754e-03
0.000000000000000000e+00
1.542600733963212997e-03
0.000000000000000000e+00
-1.532929089471434534e-03
0.000000000000000000e+00
1.523303910337303092e-03
0.000000000000000000e+00
-1.513724683626392620e-03
0.000000000000000000e+00
1.504190903098010738e-03
0.000000000000000000e+00
-1.494702068896073405e-03
0.000000000000000000e+00
1.485257687628129377e-03
0.000000000000000000e+00
-1.475857272089408419e-03
0.000000000000000000e+00
1.466500341327817277e-03
0.000000000000000000e+00
-1.457186420345491992e-03
0.000000000000000000e+00
1.447915040229600823e-03
0.000000000000000000e+00
-1.438685737781975364e-03
0.000000000000000000e+00
1.429498055712870482e-03
0.000000000000000000e+00
-1.420351542272667343e-03
0.000000000000000000e+00
1.411245751386403175e-03
0.000000000000000000e+00
-1.402180242373320465e-03
0.000000000000000000e+00
1.393154580020056037e-03
0.000000000000000000e+00
-1.384168334359141793e-03
0.000000000000000000e+00
1.375221080672084720e-03
0.000000000000000000e+00
-1.366312399353020440e-03
0.000000000000000000e+00
1.357441875864185028e-03
0.000000000000000000e+00
-1.348609100599617141e-03
0.000000000000000000e+00
1.339813668888845816e-03
0.000000000000000000e+00
-1.331055180810751613e-03
0.000000000000000000e+00
1.322333241213987558e-03
0.000000000000000000e+00
-1.313647459600505258e-03
0.000000000000000000e+00
1.304997450018150797e-03
0.000000000000000000e+00
-1.296382831060640013e-03
0.000000000000000000e+00
1.287803225722267608e-03
0.000000000000000000e+00
-1.279258261393970836e-03
0.000000000000000000e+00
1.270747569715249608e-03
0.000000000000000000e+00
-1.262270786607910984e-03
0.000000000000000000e+00
1.253827552110659601e-03
0.000000000000000000e+00
-1.245417510380551806e-03
0.000000000000000000e+00
1.237040309575774535e-03
0.000000000000000000e+00
-1.228695601868769367e-03
0.000000000000000000e+00
1.220383043283124929e-03
0.000000000000000000e+00
-1.212102293735903931e-03
0.000000000000000000e+00
1.203853016875008723e-03
0.000000000000000000e+00
-1.195634880141288299e-03
0.000000000000000000e+00
1.187447554566170007e-03
0.000000000000000000e+00
-1.179290714865798007e-03
0.000000000000000000e+00
1.171164039231049978e-03
0.000000000000000000e+00
-1.163067209464367343e-03
0.000000000000000000e+00
1.154999910669564584e-03
0.000000000000000000e+00
-1.146961831506581849e-03
0.000000000000000000e+00
1.138952663806558699e-03
0.000000000000000000e+00
-1.130972102862647490e-03
0.000000000000000000e+00
1.123019847042364475e-03
0.000000000000000000e+00
-1.115095598083344760e-03
0.000000000000000000e+00
1.107199060635240002e-03
0.000000000000000000e+00
-1.099329942733789272e-03
0.000000000000000000e+00
1.091487955144169629e-03
0.000000000000000000e+00
-1.083672811946797708e-03
0.000000000000000000e+00
1.075884229877866350e-03
0.000000000000000000e+00
-1.068121928875336241e-03
0.000000000000000000e+00
1.060385631455946403e-03
0.000000000000000000e+00
-1.052675063273075242e-03
0.000000000000000000e+00
1.044989952424829616e-03
0.000000000000000000e+00
-1.037330030098556396e-03
0.000000000000000000e+00
1.029695029829871605e-03
0.000000000000000000e+00
-1.022084688175844795e-03
0.000000000000000000e+00
1.014498743930746178e-03
0.000000000000000000e+00
-1.006936938887553149e-03
0.000000000000000000e+00
9.993990169323459238e-04
0.000000000000000000e+00
-9.918847249212267309e-04
0.000000000000000000e+00
9.843938117114832582e-04
0.000000000000000000e+00
-9.769260290463802412e-04
0.000000000000000000e+00
9.694811306289663130e-04
0.000000000000000000e+00
-9.620588729473216437e-04
0.000000000000000000e+00
9.546590143945242642e-04
0.000000000000000000e+00
-9.472813160619949482e-04
0.000000000000000000e+00
9.399255409029252982e-04
0.000000000000000000e+00
-9.325914544790314242e-04
0.000000000000000000e+00
9.252788241706430550e-04
0.000000000000000000e+00
-9.179874198919627708e-04
0.000000000000000000e+00
9.107170132806662955e-04
0.000000000000000000e+00
-9.034673785136857014e-04
0.000000000000000000e+00
8.962382913509050380e-04
0.000000000000000000e+00
-8.890295301006388966e-04
0.000000000000000000e+00
8.818408745425526879e-04
0.000000000000000000e+00
-8.746721069823296286e-04
0.000000000000000000e+00
8.675230111158489452e-04
0.000000000000000000e+00
-8.603933730902288369e-04
0.000000000000000000e+00
8.532829804449213427e-04
0.000000000000000000e+00
-8.461916230681871490e-04
0.000000000000000000e+00
8.391190921979665334e-04
0.000000000000000000e+00
-8.320651813453611417e-04
0.000000000000000000e+00
8.250296853711349722e-04
0.000000000000000000e+00
-8.180124013109175626e-04
0.000000000000000000e+00
8.110131275066292467e-04
0.000000000000000000e+00
-8.040316644364790084e-04
0.000000000000000000e+00
7.970678138212936026e-04
0.000000000000000000e+00
-7.901213794931770829e-04
0.000000000000000000e+00
7.831921664301451022e-04
0.000000000000000000e+00
-7.762799817246405446e-04
0.000000000000000000e+00
7.693846335510845513e-04
0.000000000000000000e+00
-7.625059321219834589e-04
0.000000000000000000e+00
7.556436887326281821e-04
0.000000000000000000e+00
-7.487977166454552660e-04
0.000000000000000000e+00
7.419678301482951098e-04
0.000000000000000000e+00
-7.351538454925001225e-04
0.000000000000000000e+00
7.283555798744768611e-04
0.000000000000000000e+00
-7.215728524125842799e-04
0.000000000000000000e+00
7.148054831584489026e-04
0.000000000000000000e+00
-7.080532940222556988e-04
0.000000000000000000e+00
7.013161077852876450e-04
0.000000000000000000e+00
-6.945937490949542206e-04
0.000000000000000000e+00
6.878860434074450308e-04
0.000000000000000000e+00
-6.811928179647344173e-04
0.000000000000000000e+00
6.745139008588616402e-04
0.000000000000000000e+00
-6.678491218683364761e-04
0.000000000000000000e+00
6.611983116043862766e-04
0.000000000000000000e+00
-6.545613023096713383e-04
0.000000000000000000e+00
6.479379270655120449e-04
0.000000000000000000e+00
-6.413280205057086047e-04
0.000000000000000000e+00
6.347314180616450132e-04
0.000000000000000000e+00
-6.281479567449442438e-04
0.000000000000000000e+00
6.215774742521282389e-04
0.000000000000000000e+00
-6.150198098525532517e-04
0.000000000000000000e+00
6.084748035015074240e-04
0.000000000000000000e+00
-6.019422966485214526e-04
0.000000000000000000e+00
5.954221313993988138e-04
0.000000000000000000e+00
-5.889141513675381391e-04
0.000000000000000000e+00
5.824182007027251841e-04
0.000000000000000000e+00
-5.759341251354782110e-04
0.000000000000000000e+00
5.694617708136504855e-04
0.000000000000000000e+00
-5.630009854910398171e-04
0.000000000000000000e+00
5.565516172573677957e-04
0.000000000000000000e+00
-5.501135158297398940e-04
0.000000000000000000e+00
5.436865311995816479e-04
0.000000000000000000e+00
-5.372705149631891268e-04
0.000000000000000000e+00
5.308653189597400696e-04
0.000000000000000000e+00
-5.244707966001991867e-04
0.000000000000000000e+00
5.180868015206974283e-04
0.000000000000000000e+00
-5.117131888946271651e-04
0.000000000000000000e+00
5.053498140881896444e-04
0.000000000000000000e+00
-4.989965339806616941e-04
0.000000000000000000e+00
4.926532056141035574e-04
0.000000000000000000e+00
-4.863196875367395400e-04
0.000000000000000000e+00
4.799958383793170207e-04
0.000000000000000000e+00
-4.736815183146425557e-04
0.000000000000000000e+00
4.673765875317342886e-04
0.000000000000000000e+00
-4.610809077575121133e-04
0.000000000000000000e+00
4.547943406677215812e-04
0.000000000000000000e+00
-4.485167495333460203e-04
0.000000000000000000e+00
4.422479974646433758e-04
0.000000000000000000e+00
-4.359879491404226003e-04
0.000000000000000000e+00
4.297364691749807199e-04
0.000000000000000000e+00
-4.234934235598231665e-04
0.000000000000000000e+00
4.172586782797443774e-04
0.000000000000000000e+00
-4.110321007659704690e-04
0.000000000000000000e+00
4.048135581707528515e-04
0.000000000000000000e+00
-3.986029193366070209e-04
0.000000000000000000e+00
3.924000526647337364e-04
0.000000000000000000e+00
-3.862048281982859025e-04
0.000000000000000000e+00
3.800171156201850474e-04
0.000000000000000000e+00
-3.738367861460277280e-04
0.000000000000000000e+00
3.676637106388876944e-04
0.000000000000000000e+00
-3.614977615074118820e-04
0.000000000000000000e+00
3.553388106920315364e-04
0.000000000000000000e+00
-3.491867317448417766e-04
0.000000000000000000e+00
3.430413977003728891e-04
0.000000000000000000e+00
-3.369026831876948736e-04
0.000000000000000000e+00
3.307704622665797573e-04
0.000000000000000000e+00
-3.246446105992470172e-04
0.000000000000000000e+00
3.185250032679581736e-04
0.000000000000000000e+00
-3.124115168924585916e-04
0.000000000000000000e+00
3.063040275341909918e-04
0.000000000000000000e+00
-3.002024127616018719e-04
0.000000000000000000e+00
2.941065495474995536e-04
0.000000000000000000e+00
-2.880163163656560997e-04
0.000000000000000000e+00
2.819315910829876988e-04
0.000000000000000000e+00
-2.758522529995748908e-04
0.000000000000000000e+00
2.697781808454903616e-04
0.000000000000000000e+00
-2.637092547790861126e-04
0.000000000000000000e+00
2.576453542635451796e-04
0.000000000000000000e+00
-2.515863602928589018e-04
0.000000000000000000e+00
2.455321530755362079e-04
0.000000000000000000e+00
-2.394826143413233456e-04
0.000000000000000000e+00
2.334376250380467322e-04
0.000000000000000000e+00
-2.273970675976312193e-04
0.000000000000000000e+00
2.213608236627052147e-04
0.000000000000000000e+00
-2.153287763001704501e-04
0.000000000000000000e+00
2.093008078430063214e-04
0.000000000000000000e+00
-2.032768019776726761e-04
0.000000000000000000e+00
1.972566416379655072e-04
0.000000000000000000e+00
-1.912402111137206538e-04
0.000000000000000000e+00
1.852273939075951479e-04
0.000000000000000000e+00
-1.792180748912939898e-04
0.000000000000000000e+00
1.732121380661216673e-04
0.000000000000000000e+00
-1.672094688607354514e-04
0.000000000000000000e+00
1.612099517759759250e-04
0.000000000000000000e+00
-1.552134727044203314e-04
0.000000000000000000e+00
1.492199166437689682e-04
0.000000000000000000e+00
-1.432291699089899338e-04
0.000000000000000000e+00
1.372411179450177079e-04
0.000000000000000000e+00
-1.312556474928452727e-04
0.000000000000000000e+00
1.252726443887035865e-04
0.000000000000000000e+00
-1.192919957433073003e-04
0.000000000000000000e+00
1.133135877597586330e-04
0.000000000000000000e+00
-1.073373078910260485e-04
0.000000000000000000e+00
1.013630427087531177e-04
0.000000000000000000e+00
-9.539067990918118154e-05
0.000000000000000000e+00
8.942010642554739199e-05
0.000000000000000000e+00
-8.345121017168438866e-05
0.000000000000000000e+00
7.748387838570357277e-05
0.000000000000000000e+00
-7.151799921391366387e-05
0.000000000000000000e+00
6.555346011130787354e-05
0.000000000000000000e+00
-5.959014942650710093e-05
0.000000000000000000e+00
